258,478,723,873,333,750,967,123,222,872,982,374,853,937,194,875,193,634,631,68,435,514,343,674,291,29,266,186,490,692,816,846,977,346,728,167,631,371,333,987,677,720,185,203,97,152,957,908,762,737,859,343,101,627,913,592,461,104,319,117,893,385,42,89,721,39,615,632,905,282,495,530,643,848,86,581,51,321,149,412,782,212,151,703,776,110,268,497,282,851,722,212,790,426,39,788,625,657,812,482
609,466,414,285,314,47,178,446,909,526,280,441,270,128,164,772,178,248,595,411,639,10,558,285,564,460,374,524,151,652,546,236,32,768,589,489,864,106,492,176,225,762,683,670,535,556,96,241,797,33,853,984,368,316,671,863,964,23,334,420,30,555,387,698,547,88,493,627,182,351,212,734,791,202,587,151,213,936,283,886,763,650,509,705,332,366,961,148,121,768,631,211,520,706,524,375,620,604,570,569
667,328,201,907,761,828,296,132,465,248,930,146,293,790,225,667,839,703,632,94,100,795,226,958,55,75,250,738,528,356,373,10,124,245,5,707,54,256,703,14,923,331,74,66,653,248,725,681,600,981,226,420,807,65,424,146,553,491,962,815,385,171,92,659,144,303,726,64,419,391,654,414,960,771,774,705,624,777,68,688,220,193,961,241,271,196,897,961,146,315,521,942,696,262,526,423,621,308,521,830
233,415,643,547,74,292,549,201,482,732,417,737,359,42,930,243,508,533,332,999,821,698,361,26,412,507,240,669,233,192,577,261,765,539,887,126,94,949,152,677,404,169,194,12,714,940,101,512,856,983,372,676,908,431,870,942,770,390,148,498,583,901,910,418,458,284,940,589,102,221,704,145,957,759,565,102,131,292,61,555,978,635,738,953,776,637,79,508,503,982,722,552,560,482,575,689,999,808,596,964
456,662,468,837,394,462,918,481,711,266,203,117,44,287,823,171,697,60,547,444,151,588,647,223,379,221,128,517,364,544,899,552,79,516,334,813,283,834,293,656,340,220,654,170,320,10,655,672,947,842,369,620,281,357,740,217,484,141,174,546,219,728,441,721,367,697,501,645,475,376,115,557,707,727,433,52,899,686,571,246,388,722,878,240,461,357,592,866,107,928,699,457,241,82,283,261,965,668,826,249
427,388,484,316,256,842,713,535,547,417,548,235,710,456,504,817,63,585,57,708,569,29,440,966,514,936,838,200,768,327,834,241,44,246,224,841,808,365,320,655,469,931,30,268,292,537,953,41,553,94,427,512,414,825,35,583,263,398,291,839,793,469,836,331,994,789,788,387,259,181,138,489,463,98,269,232,469,553,966,341,228,492,725,520,238,379,561,179,491,562,574,279,733,619,291,533,603,898,329,214
608,760,771,516,41,619,288,268,181,88,412,744,11,876,737,338,821,133,676,606,890,148,236,700,59,772,217,18,369,380,995,420,903,538,126,232,801,828,546,685,709,720,210,73,152,64,535,245,194,653,598,904,223,186,572,236,867,650,453,917,191,135,511,959,166,72,546,393,897,120,543,633,664,709,187,500,267,300,847,597,123,90,282,902,161,178,978,580,60,155,945,403,355,431,664,885,161,505,866,551
680,637,329,611,130,130,921,844,800,966,478,525,165,130,76,798,404,104,424,421,872,722,324,29,548,458,483,958,443,496,914,724,346,325,871,413,649,4,783,865,289,348,746,95,22,561,964,723,436,308,476,965,416,662,772,914,364,582,360,335,650,786,86,252,447,218,861,244,941,409,382,52,366,91,254,505,377,53,301,143,145,538,469,808,125,559,770,316,854,564,462,304,37,437,152,545,325,957,241,794
548,686,165,463,534,204,89,719,573,974,337,900,385,433,188,443,561,224,845,39,730,799,885,418,613,669,481,393,6,287,825,641,403,854,663,886,950,57,862,720,502,573,871,338,35,37,770,917,555,675,342,335,771,464,610,471,215,185,331,453,498,391,978,71,22,759,624,771,5,375,375,851,13,609,373,383,80,925,220,224,271,516,587,703,714,440,67,623,667,929,26,806,118,408,690,633,42,859,724,529
849,747,287,42,852,807,909,274,610,322,689,709,653,312,870,317,983,686,659,99,913,97,655,528,496,34,506,326,203,385,987,245,304,130,801,207,261,693,268,895,183,575,935,563,730,628,338,110,182,88,902,903,636,847,969,639,476,252,195,179,699,596,887,494,214,326,990,366,85,544,898,176,556,44,748,583,536,881,127,727,965,275,155,874,204,750,761,932,231,33,536,629,86,339,395,929,432,136,372,407
722,618,527,203,219,29,934,838,223,643,442,43,896,321,416,172,143,315,545,535,829,927,965,95,20,337,63,136,633,968,247,235,981,609,778,152,140,791,68,980,299,949,836,825,474,814,435,972,828,836,341,968,97,512,392,530,289,183,496,787,765,951,117,269,490,128,543,708,174,63,865,171,871,682,42,163,12,616,340,377,465,391,358,916,52,485,241,523,534,228,748,439,473,561,471,649,817,242,433,496
54,215,982,361,147,724,172,118,714,259,693,794,952,556,827,345,528,90,323,989,494,16,985,294,410,344,852,201,768,730,805,792,305,738,671,156,298,101,771,355,93,84,498,787,825,891,118,227,348,856,288,959,233,994,278,259,946,326,273,776,595,989,459,230,486,105,168,978,772,986,707,650,822,628,302,353,60,415,372,859,57,925,477,373,318,564,237,16,737,21,286,564,635,537,239,309,726,959,907,865
170,834,365,446,344,917,493,492,115,276,661,595,322,448,852,469,395,283,650,526,505,253,671,643,397,197,686,166,914,634,471,651,113,426,483,919,546,292,735,358,467,818,86,439,563,48,424,906,961,105,502,505,641,399,490,407,492,738,988,938,153,238,761,771,803,125,849,743,512,15,21,682,226,277,654,826,563,310,640,86,305,546,293,11,345,873,694,45,550,314,960,815,409,639,769,182,33,155,789,660
597,291,750,370,143,720,210,566,200,800,823,979,882,369,703,515,800,650,558,174,540,903,842,547,720,132,743,118,13,79,898,7,582,737,665,199,63,568,585,822,670,32,833,728,967,620,342,168,866,525,291,751,563,618,663,350,542,888,471,720,259,421,84,517,810,103,952,3,34,916,633,259,111,457,325,740,951,379,424,659,872,965,877,299,653,345,176,507,554,679,332,363,213,712,746,118,234,513,264,428
165,344,219,592,822,933,898,244,211,374,590,94,663,449,885,233,536,55,700,719,816,797,907,234,156,603,41,363,981,430,347,501,399,26,822,905,18,247,453,234,591,200,442,874,886,543,611,481,52,529,487,609,201,245,194,480,167,900,540,695,955,168,824,329,535,751,582,466,470,797,957,304,352,608,646,111,889,440,189,699,445,312,190,157,76,411,904,133,986,262,10,927,174,510,428,67,502,457,605,66
560,342,783,608,18,271,239,680,159,791,758,104,950,218,843,882,216,904,454,324,194,635,386,868,499,113,648,11,797,510,679,937,569,769,231,775,466,864,966,702,837,170,623,872,545,513,714,775,394,553,450,246,77,881,405,141,821,200,19,221,550,583,84,634,566,222,670,61,397,864,979,527,421,37,68,398,899,249,801,244,138,520,158,631,779,196,761,726,342,620,985,110,250,277,117,638,652,696,69,3
823,136,356,672,610,50,17,729,362,275,637,497,387,957,435,408,127,463,214,926,557,604,273,115,269,778,413,737,20,625,785,59,280,51,36,505,297,572,966,431,814,938,893,833,369,777,731,508,873,111,667,768,688,459,409,306,918,885,91,606,910,288,390,319,627,128,214,804,858,358,712,752,942,616,696,768,206,765,466,898,637,191,379,972,405,253,930,17,77,731,462,388,710,571,207,932,586,964,697,67
288,807,914,785,652,192,705,82,37,172,481,507,580,948,90,783,372,974,4,756,125,368,809,396,366,848,270,300,613,753,131,420,418,252,439,443,671,688,712,50,695,463,243,367,968,981,829,429,540,644,422,508,141,704,421,617,635,65,2,732,559,500,888,742,647,844,481,804,943,307,64,623,986,501,518,481,616,728,653,361,375,24,503,643,40,670,77,402,346,129,156,636,355,73,975,789,379,841,17,796
706,782,760,135,750,200,251,513,906,915,270,158,918,737,904,777,141,49,384,818,697,681,690,873,746,51,518,527,291,346,220,699,42,111,509,456,675,296,549,634,204,384,352,17,240,932,355,804,488,976,403,279,801,494,749,292,899,166,803,993,644,983,288,851,497,846,205,642,351,208,466,875,68,729,226,511,691,288,191,386,613,807,596,838,513,470,216,495,998,735,710,166,343,551,42,724,33,420,541,42
612,981,558,102,215,817,47,663,571,564,593,263,873,456,427,475,177,616,800,626,691,125,721,96,601,133,570,65,291,576,152,18,27,140,980,709,423,233,155,159,473,870,433,382,103,428,288,470,285,720,411,223,519,879,814,691,492,761,707,422,700,560,700,584,307,792,878,548,479,691,771,44,231,879,742,475,958,973,89,59,52,570,877,540,909,274,858,328,951,714,25,283,74,226,906,999,51,863,628,665
245,169,397,570,990,25,390,40,232,316,765,762,156,166,611,389,625,557,257,75,788,213,966,623,755,155,671,899,991,71,251,264,79,398,444,531,56,692,116,483,898,369,594,840,238,820,264,809,66,427,799,195,833,450,482,677,587,450,672,70,667,969,643,377,212,994,862,625,206,909,712,887,955,504,698,200,177,795,506,991,222,742,597,94,154,948,559,174,514,774,131,185,288,806,894,926,547,991,332,941
657,542,856,777,726,204,210,237,390,89,671,223,80,956,805,748,941,344,645,297,235,980,318,507,836,767,260,457,276,804,747,821,232,279,656,717,669,133,564,146,893,856,169,545,724,471,963,438,88,801,684,294,45,572,839,90,883,409,623,626,512,47,415,632,221,928,907,320,431,756,381,914,918,442,630,2,440,332,841,433,88,225,360,915,142,651,501,950,594,194,124,569,555,827,409,808,824,648,700,432
793,608,546,782,245,216,45,416,90,844,706,740,944,417,701,37,692,525,778,78,212,404,509,946,289,856,203,297,895,203,332,146,678,924,247,976,977,701,392,773,435,289,943,728,893,918,63,690,603,190,441,617,721,887,768,57,271,60,668,824,190,918,303,90,179,548,333,232,493,983,173,433,43,415,489,607,920,656,989,544,532,283,376,579,414,496,171,437,964,619,326,231,821,364,889,621,78,381,615,434
190,51,20,153,428,769,526,266,404,168,438,31,755,835,25,346,786,28,948,172,189,234,656,898,148,890,762,321,428,435,515,903,719,555,235,378,400,323,195,137,971,379,387,151,138,470,601,336,463,19,936,125,713,596,733,694,906,212,363,69,524,177,267,64,386,568,577,50,259,199,727,947,282,335,285,944,126,205,957,306,330,952,578,838,255,751,492,770,487,545,813,54,377,313,617,596,417,389,12,532
69,940,253,374,138,239,878,503,182,124,343,119,185,862,9,805,719,494,556,533,726,860,892,483,989,974,390,804,75,163,280,286,15,678,540,124,938,223,110,415,319,268,427,536,298,798,832,125,700,399,352,668,661,998,366,964,672,336,447,334,540,164,320,832,576,920,570,961,855,692,634,602,242,310,133,676,467,870,7,629,461,366,229,633,273,175,553,793,404,790,526,520,212,422,907,235,810,506,834,897
987,64,56,238,1,158,513,390,461,799,117,798,548,164,908,736,28,8,954,341,502,837,344,283,421,568,788,183,590,844,73,446,903,653,73,13,392,744,885,219,406,647,36,936,163,164,750,266,688,492,638,833,45,980,464,943,313,719,287,100,364,481,552,916,172,927,693,902,839,788,616,85,918,535,34,4,652,382,23,854,309,677,195,870,429,512,729,952,125,412,501,473,716,342,532,603,679,613,290,856
816,770,991,240,149,508,960,84,554,520,612,406,496,231,765,35,557,143,232,889,444,344,918,881,203,158,97,854,149,453,499,744,870,990,463,814,519,975,231,732,354,371,472,440,765,152,882,233,845,405,622,787,385,542,581,36,58,514,653,200,493,954,427,546,383,653,602,915,333,366,645,918,443,94,837,516,596,63,689,926,203,566,463,691,639,871,150,197,640,12,550,27,943,951,157,481,678,605,382,775
604,305,599,302,602,430,447,685,823,647,620,517,279,994,47,992,780,361,826,230,246,159,280,256,781,960,391,554,10,966,35,882,755,772,671,626,555,56,337,155,134,705,240,757,830,510,471,489,690,759,478,451,989,199,742,203,58,128,877,244,454,770,76,536,824,534,811,478,774,444,290,71,71,151,44,254,424,451,219,654,385,471,827,987,371,226,853,333,510,808,603,948,174,553,12,921,134,36,79,231
315,401,766,714,367,910,235,618,41,361,185,48,555,375,615,884,577,880,977,507,192,222,333,421,807,563,192,748,571,158,78,148,265,429,782,948,500,85,254,857,111,293,6,902,507,616,812,68,718,79,118,992,106,578,604,469,867,186,902,652,692,102,201,720,646,334,682,550,329,803,240,868,99,769,547,915,267,376,591,59,33,673,791,934,348,249,141,390,362,761,195,228,635,839,309,312,853,869,26,159
994,460,706,360,613,123,810,796,90,133,407,945,964,916,545,896,143,971,894,934,464,947,627,257,198,330,508,679,43,520,89,71,361,777,995,573,67,673,314,749,716,881,685,985,456,121,127,658,688,337,81,842,444,297,327,71,453,356,697,340,967,952,125,761,47,836,908,257,39,598,30,914,688,960,107,340,91,56,589,830,986,39,421,560,843,210,50,576,100,660,919,627,403,464,970,101,132,126,727,551
481,986,829,256,637,608,95,881,486,456,820,899,674,673,380,31,177,683,849,412,1,41,718,256,763,168,394,499,4,460,862,719,136,550,742,187,164,995,261,733,228,349,125,616,496,96,274,293,310,802,464,139,958,622,435,297,241,817,29,351,31,450,9,219,914,63,365,507,895,138,784,565,705,73,810,426,759,520,560,102,403,798,74,307,7,789,588,472,549,50,499,11,843,252,84,402,767,106,734,465
798,939,220,439,665,68,210,119,363,354,223,87,544,891,542,417,645,2,937,210,87,712,721,236,444,393,428,889,430,632,113,973,641,289,3,420,18,870,777,89,621,321,494,612,968,521,500,337,86,26,333,668,873,983,103,683,200,458,447,155,103,479,349,338,228,105,553,669,484,831,67,626,20,252,654,641,182,34,530,927,280,433,117,369,819,191,181,716,869,234,428,906,504,943,66,800,267,437,402,662
388,812,183,262,980,26,448,716,748,571,985,266,620,191,488,648,922,588,427,956,558,287,792,999,824,524,651,615,50,726,130,804,373,294,911,94,497,758,452,748,240,321,875,367,186,325,576,638,452,922,229,915,840,590,253,383,155,290,551,689,870,247,726,704,437,518,386,287,900,53,265,570,66,405,256,661,95,140,666,713,173,602,392,310,64,203,869,950,961,382,87,548,354,151,266,977,956,342,942,197
968,914,606,963,187,949,542,81,537,900,952,645,79,948,901,859,705,227,171,703,496,700,30,719,32,305,388,634,428,748,245,529,442,715,493,368,661,64,555,600,636,312,494,470,686,594,773,746,690,889,204,233,717,168,644,251,823,588,283,567,781,185,418,309,386,348,864,338,316,53,990,967,963,911,385,768,965,482,711,510,517,823,242,705,429,545,997,380,850,838,700,451,674,23,891,556,256,873,250,863
632,253,297,407,767,725,628,795,744,446,334,310,582,878,336,155,868,665,968,672,229,959,452,352,245,68,965,995,618,562,133,706,97,162,720,327,550,423,758,335,89,473,231,793,831,132,267,207,621,641,589,121,499,749,201,889,7,580,331,439,462,348,151,527,542,582,940,824,164,537,439,180,682,228,635,834,523,408,779,411,191,72,965,827,521,601,790,764,10,244,869,951,451,65,406,639,891,58,723,535
675,152,899,86,982,203,189,930,911,13,665,669,265,425,638,414,581,995,241,301,774,434,188,560,962,446,614,462,493,420,670,814,19,266,734,385,990,396,254,650,516,362,747,90,265,543,365,712,422,98,104,815,464,972,772,626,236,294,588,511,812,645,161,192,33,722,860,29,220,398,483,582,400,32,8,395,5,635,559,972,737,843,654,557,919,577,584,991,660,939,188,181,580,859,799,74,472,165,254,866
182,200,673,561,423,109,690,280,619,765,435,148,115,928,215,681,296,369,64,990,727,219,642,335,463,327,861,256,819,401,360,90,793,86,99,389,675,94,805,116,499,445,463,392,31,54,482,628,569,434,85,970,805,362,543,185,483,339,468,988,142,696,224,23,686,943,27,500,645,255,11,168,246,948,288,166,460,499,716,881,764,878,24,573,178,217,383,628,155,918,99,780,359,845,269,135,144,713,637,159
222,756,129,297,989,108,598,168,640,599,23,922,435,809,476,308,821,208,370,523,316,146,318,469,239,48,537,122,294,814,315,212,65,152,219,622,359,776,622,478,150,314,745,380,956,18,639,731,268,781,885,871,281,359,783,531,25,396,254,321,932,55,112,17,446,571,445,745,118,84,804,9,919,226,21,315,170,38,862,167,908,52,856,81,867,686,88,757,365,186,492,104,336,208,794,69,154,123,272,970
161,63,204,686,137,934,754,206,533,830,26,604,832,36,642,442,533,891,385,909,788,767,366,130,561,506,920,661,158,370,889,870,439,666,171,21,478,999,12,510,429,568,558,224,181,672,57,178,84,916,382,266,63,769,887,653,933,137,684,193,74,508,196,82,180,393,825,626,372,889,195,871,591,544,903,379,536,664,951,245,627,489,447,873,672,406,108,826,211,483,193,139,870,289,596,484,25,966,107,550
318,532,796,257,699,888,381,361,498,468,495,88,72,81,855,987,54,138,942,695,766,680,933,825,283,83,571,580,521,815,666,203,792,847,165,999,727,261,329,723,523,309,276,802,592,617,407,664,658,590,700,318,86,176,830,328,795,566,453,279,560,243,813,392,697,295,558,57,379,729,501,635,177,470,748,435,496,918,750,734,996,938,197,774,988,448,550,416,197,320,830,839,457,900,755,847,74,412,564,438
582,518,559,487,258,599,809,626,215,972,206,107,881,267,295,238,234,781,485,546,405,343,290,635,262,123,267,469,668,559,890,343,644,345,143,719,46,292,41,999,967,387,153,35,701,68,873,976,333,497,944,695,463,833,465,204,659,843,121,164,365,807,984,467,613,532,401,621,658,939,39,157,76,948,694,816,610,752,11,922,617,806,329,183,98,795,693,353,67,396,536,947,292,874,644,749,604,759,562,472
820,328,74,935,258,893,890,716,943,379,256,21,691,411,539,830,644,163,579,191,754,773,666,893,284,318,693,835,423,236,23,812,469,637,244,943,422,813,983,355,177,250,963,778,675,690,785,104,91,333,210,174,113,386,355,404,344,487,560,224,212,535,721,31,254,593,445,962,526,137,67,686,502,730,327,528,47,509,15,267,78,154,386,180,184,30,750,539,374,945,846,111,72,817,105,366,359,262,506,372
594,812,706,844,679,247,421,857,643,892,378,546,292,825,510,205,839,93,878,305,866,589,782,52,468,764,798,321,304,637,293,393,814,330,644,377,421,632,863,270,274,791,785,589,329,684,556,216,654,34,381,203,486,166,333,474,822,975,87,80,25,501,806,664,674,591,518,473,388,312,11,746,942,943,483,280,260,775,65,204,809,984,523,503,564,706,852,191,628,493,890,108,671,622,44,210,347,681,514,851
229,942,186,342,629,431,803,901,581,780,169,552,114,782,968,738,360,438,255,463,437,318,613,275,807,627,704,89,899,188,563,570,253,681,786,184,437,109,768,275,241,730,465,176,857,336,404,511,945,806,378,420,617,37,163,145,701,463,182,341,369,555,707,913,235,220,9,530,679,991,697,850,244,219,391,534,305,334,293,320,536,39,971,788,914,191,681,845,438,471,974,933,464,845,258,603,205,757,95,906
211,783,290,117,985,811,29,592,995,154,864,158,811,184,859,774,103,436,409,400,974,223,813,687,995,217,631,191,12,987,612,187,980,973,240,755,651,581,462,8,933,54,903,97,97,56,1,657,884,825,457,576,797,188,634,406,200,39,472,982,109,256,247,251,566,429,411,724,654,434,921,313,897,828,160,561,124,733,979,206,283,855,604,432,536,544,17,197,200,688,121,869,170,690,729,631,372,612,628,659
222,235,835,217,337,934,526,321,496,577,783,810,162,658,244,593,515,989,244,303,903,996,733,981,207,742,379,835,754,773,501,347,563,581,605,403,875,940,586,77,271,552,325,744,150,69,811,437,458,238,26,585,161,697,457,312,929,705,374,835,525,329,103,857,720,302,615,229,47,949,83,703,283,894,982,155,592,253,441,618,99,588,560,130,30,604,708,40,924,943,908,378,277,400,317,683,380,756,867,554
804,753,625,837,323,588,175,730,140,763,75,320,677,941,623,659,704,347,18,197,594,75,461,207,743,56,189,510,312,392,884,731,853,523,937,111,527,737,584,230,287,661,493,872,322,860,367,319,424,819,112,283,22,853,372,671,632,492,317,313,487,491,944,172,413,931,793,956,546,480,71,362,422,667,963,193,175,846,892,319,334,951,825,475,371,681,951,468,952,686,350,397,967,790,74,295,939,810,160,892
470,606,348,417,838,438,792,857,702,63,397,303,154,29,641,729,63,313,845,808,649,536,287,15,431,802,90,923,358,728,871,877,511,354,930,267,633,456,451,888,835,306,796,137,885,518,970,92,796,979,561,194,545,975,699,523,673,522,876,723,215,461,556,397,645,774,226,732,714,103,236,400,663,596,953,836,935,236,285,415,672,388,573,900,41,305,196,799,785,650,203,519,235,289,703,985,190,831,206,35
830,500,193,757,90,48,833,843,679,611,533,822,702,322,852,502,456,57,425,360,544,809,236,676,836,792,779,745,615,775,991,443,217,839,468,826,411,600,292,357,629,338,607,54,60,226,290,528,804,559,109,794,225,944,249,231,552,983,781,507,687,478,820,10,143,363,335,431,117,191,166,671,659,654,565,759,745,638,961,677,286,346,250,672,256,330,127,454,841,135,99,42,416,966,121,643,225,288,460,962
940,652,870,87,64,326,43,360,953,617,331,58,833,597,692,966,393,826,570,843,835,890,368,334,758,630,297,533,732,409,989,905,18,634,970,672,974,205,169,526,666,203,622,863,251,329,571,442,98,242,44,955,869,418,137,152,803,408,949,356,546,585,384,187,780,56,157,606,755,345,154,263,705,358,458,536,213,940,205,929,735,898,836,736,917,608,631,244,375,485,770,593,694,257,470,452,111,737,611,125
70,256,759,879,782,387,424,116,632,861,591,152,981,962,565,359,223,28,18,564,127,345,231,144,319,683,630,122,686,814,317,949,3,32,420,469,201,550,948,502,762,298,900,486,969,513,631,288,631,33,77,867,728,675,366,512,754,971,179,312,542,511,179,638,697,425,510,775,840,51,338,514,723,904,672,54,560,347,301,401,930,508,312,878,417,210,878,226,175,161,791,714,96,837,86,203,75,853,443,175
971,421,335,672,756,648,404,229,678,756,397,741,8,900,79,692,346,148,237,410,142,484,618,536,474,19,440,927,106,411,708,974,803,972,412,442,111,267,986,612,961,39,812,171,480,811,23,574,339,510,228,361,878,143,842,829,566,950,824,779,171,777,232,477,939,759,377,3,464,603,714,29,288,107,689,968,647,586,913,597,30,728,703,108,700,294,829,933,679,281,732,946,590,952,984,594,771,228,145,471
633,962,414,61,962,451,534,726,114,289,126,661,153,881,848,638,413,556,495,486,761,697,639,781,243,682,855,936,272,573,354,677,722,1,82,343,675,329,104,698,192,455,431,628,369,680,667,868,830,617,124,837,286,505,637,788,593,755,502,556,660,784,504,279,593,708,935,25,420,309,692,245,615,645,927,156,205,73,956,608,391,5,431,243,121,351,602,668,480,215,37,740,100,76,995,792,888,209,25,862
804,326,685,576,777,15,670,851,87,811,815,114,555,664,420,136,653,956,131,572,910,900,880,901,508,507,894,878,446,335,644,334,793,76,931,159,929,261,98,280,49,512,20,815,839,426,586,405,558,916,962,135,594,64,907,222,874,94,808,366,411,587,972,306,202,628,732,285,684,507,898,184,173,542,270,688,183,210,437,474,869,310,732,530,847,59,973,379,707,956,104,272,572,552,603,997,328,329,29,554
399,391,22,212,909,854,964,979,777,35,184,893,301,369,842,135,363,3,904,482,460,782,366,737,121,48,555,453,58,491,178,723,238,662,555,731,690,64,109,516,911,827,41,410,457,909,338,33,803,779,72,234,685,505,596,545,83,224,997,869,803,262,741,686,926,359,347,152,19,258,819,834,958,890,444,247,762,102,750,822,796,961,875,322,107,103,966,321,949,193,665,428,246,651,104,906,574,152,934,571
181,349,930,664,859,274,964,968,504,46,217,618,863,969,899,644,463,902,978,723,206,240,450,371,883,161,5,584,2,513,730,391,566,75,506,991,124,16,609,736,622,883,365,354,323,266,401,716,503,149,325,564,93,322,165,515,863,507,36,582,652,982,411,104,892,840,766,814,692,484,380,367,63,756,464,442,586,442,226,854,120,784,374,994,808,221,997,692,171,908,510,96,869,379,324,913,183,567,31,244
478,609,323,886,134,662,607,205,866,228,295,524,632,523,799,703,49,662,847,791,901,574,667,32,88,915,323,977,233,553,841,106,892,231,324,941,671,659,131,542,497,946,476,690,892,614,857,434,893,667,302,163,596,283,565,669,384,129,739,681,974,215,532,202,315,222,288,798,929,622,801,639,820,897,350,355,275,482,729,267,622,66,534,587,194,202,372,98,583,405,439,290,207,238,368,276,110,682,232,781
231,354,806,906,428,319,931,453,488,658,65,786,498,259,490,327,984,280,289,650,700,907,68,617,105,737,492,524,492,39,85,203,698,436,836,262,920,650,972,698,146,704,221,744,453,292,687,718,663,638,475,510,31,235,976,630,325,422,728,571,159,202,23,970,634,82,367,319,444,392,251,793,934,240,380,42,449,533,657,80,921,760,885,803,205,306,2,875,16,994,491,398,864,843,190,581,542,777,492,613
228,879,1,995,413,97,291,575,2,908,659,934,296,188,543,21,466,893,612,638,169,463,667,899,189,145,262,498,257,651,156,27,977,646,564,800,472,379,29,538,516,807,56,25,951,10,919,791,720,68,172,603,587,185,554,911,840,919,945,909,993,922,842,101,883,541,150,223,100,35,275,552,844,666,446,253,64,163,77,123,878,739,731,147,972,850,643,481,749,73,608,674,704,398,52,368,47,985,956,498
252,843,29,596,681,30,214,710,189,227,57,448,251,857,897,664,973,489,601,999,838,935,376,72,577,459,404,6,785,181,588,463,79,485,103,233,104,475,24,746,488,72,747,23,377,977,526,901,309,345,679,549,714,909,285,904,627,406,62,889,542,37,933,14,116,799,721,213,446,615,171,562,350,625,421,826,801,149,980,80,87,807,742,343,107,357,66,50,297,491,389,963,516,989,975,528,858,906,743,517
11,78,6,635,942,57,269,373,935,480,711,704,24,694,871,876,694,948,430,28,217,378,559,462,908,855,723,472,579,22,723,12,138,450,215,556,659,305,688,425,730,440,823,670,542,705,603,185,735,994,67,253,361,102,436,472,476,435,782,468,208,738,664,773,433,848,392,227,842,664,359,755,148,21,699,910,363,216,127,153,692,804,692,81,107,697,620,315,874,471,406,193,365,832,708,281,586,335,634,80
598,888,338,821,597,409,463,427,164,258,797,541,122,628,532,290,525,409,883,480,939,841,372,294,484,683,165,35,446,636,723,933,99,792,377,694,412,220,663,296,569,331,244,931,711,562,864,960,23,178,793,852,561,448,783,912,354,35,977,199,853,488,209,373,192,535,334,765,966,391,911,342,911,704,797,973,178,144,810,188,322,515,914,877,267,627,846,806,454,983,864,697,835,655,987,585,280,991,591,65
374,86,227,746,561,485,243,424,383,542,342,866,33,346,796,716,483,607,851,431,970,401,760,705,100,631,456,469,893,727,496,365,624,827,770,467,178,49,599,221,353,646,245,25,738,614,618,393,810,924,683,633,547,277,132,82,609,916,749,303,557,593,949,43,405,740,638,363,794,614,120,47,770,707,535,773,395,799,218,914,829,33,345,147,893,966,289,411,328,771,655,314,510,405,876,254,931,279,398,336
470,465,279,910,520,935,998,888,181,425,48,860,412,792,214,104,811,253,435,186,259,867,641,109,286,259,465,415,553,627,990,606,719,717,748,67,452,169,905,860,437,587,266,755,505,989,195,975,71,613,252,10,817,206,122,802,882,13,595,973,818,997,276,391,904,242,450,838,857,530,192,273,410,534,609,131,786,190,934,246,81,187,120,810,185,198,385,833,226,365,301,43,56,820,582,992,764,734,349,534
323,769,603,422,317,993,942,182,589,11,462,917,200,778,170,495,13,937,640,763,191,59,459,308,61,998,197,803,511,249,384,982,56,687,231,867,394,391,527,577,364,403,384,832,330,22,769,309,894,385,687,536,431,488,256,579,495,565,309,928,383,671,18,700,105,532,392,151,287,665,64,366,243,989,177,906,353,489,818,587,816,581,500,906,394,561,110,871,91,908,406,866,725,103,277,411,785,326,31,118
948,454,733,21,100,294,786,737,739,329,832,231,695,885,381,537,542,116,848,329,847,10,684,367,120,413,88,440,348,289,886,767,854,666,760,66,556,851,410,207,19,103,434,789,632,989,125,739,7,675,479,979,727,763,160,500,349,514,246,576,437,982,114,323,891,432,184,228,644,415,296,989,818,579,911,482,889,342,298,36,839,787,141,957,234,44,195,326,430,946,979,469,89,566,609,317,503,818,936,23
12,497,205,478,186,113,630,321,9,833,140,669,446,180,759,483,556,589,352,885,814,517,23,844,597,170,625,722,44,989,267,924,968,530,835,669,286,816,738,687,638,192,848,126,805,984,872,417,659,230,598,695,345,651,51,622,970,149,920,934,363,6,815,752,839,985,408,254,334,796,480,721,74,584,101,376,447,334,920,161,552,327,999,434,79,194,257,231,0,162,68,789,955,332,515,218,456,929,538,191
473,106,383,244,182,484,547,254,346,223,700,141,915,431,653,331,41,864,574,80,304,910,412,361,507,79,889,450,797,903,656,417,483,934,831,184,681,577,962,635,657,207,324,600,628,769,76,528,264,784,843,631,499,31,381,131,782,807,910,934,438,626,623,787,342,881,170,958,757,224,448,942,847,847,848,742,212,814,336,942,323,126,688,312,764,997,799,646,184,314,700,542,827,809,521,585,881,71,259,188
722,112,5,678,892,89,593,342,782,848,818,415,518,74,792,241,733,410,864,918,818,245,798,421,331,625,658,632,821,562,838,45,936,125,428,718,631,84,756,644,107,396,564,185,788,620,522,400,503,169,244,326,982,930,508,238,367,908,986,892,23,210,552,148,2,551,521,326,338,96,592,949,179,859,687,720,351,621,727,618,364,871,984,952,677,357,302,68,294,5,559,431,820,463,46,389,740,67,323,57
936,566,687,284,194,756,609,170,950,648,348,793,504,487,582,816,177,420,8,8,661,189,334,190,810,696,328,884,440,350,654,652,514,390,971,994,656,519,272,48,640,630,633,600,367,905,565,749,77,654,737,13,197,245,532,814,627,142,433,31,966,732,799,732,27,303,679,436,397,32,167,823,299,473,404,812,546,256,717,241,54,451,541,11,500,156,908,139,215,755,33,294,619,972,967,635,835,751,711,477
140,292,394,499,73,114,128,983,247,155,633,87,99,242,63,240,852,0,557,187,290,671,785,288,651,872,456,473,744,903,315,286,503,241,732,93,622,120,537,307,241,818,90,585,676,599,400,685,873,975,716,973,383,36,602,416,57,940,495,174,17,464,635,897,254,825,662,603,163,281,328,569,364,843,551,242,950,190,449,272,358,210,50,914,745,65,348,124,519,385,159,89,603,763,2,182,339,497,942,329
208,466,667,256,876,445,949,963,218,279,861,697,351,352,616,540,431,763,478,843,653,309,567,499,258,739,455,773,460,743,928,746,732,843,417,762,122,79,362,798,511,955,424,839,467,486,270,270,46,978,918,926,219,944,894,755,627,903,685,425,3,569,568,709,394,932,566,66,586,974,923,726,613,834,893,399,685,751,850,777,193,713,546,637,670,497,213,636,355,346,853,255,585,464,469,5,863,480,877,524
906,925,415,833,441,73,480,860,30,654,893,145,785,677,31,219,93,154,558,83,561,353,381,713,726,679,852,784,190,365,500,657,230,759,263,535,472,41,94,554,921,164,675,955,991,75,529,118,795,262,258,50,920,890,657,729,83,378,730,777,473,65,72,768,333,584,911,362,575,330,293,1,67,395,499,528,857,325,304,255,381,3,541,610,561,279,405,519,376,440,923,999,464,964,228,233,661,692,575,406
758,152,182,637,269,474,458,513,682,545,498,288,835,415,92,144,713,997,207,692,638,90,706,886,433,238,30,553,883,447,689,599,129,827,903,162,738,111,766,63,586,372,245,842,836,783,351,357,414,803,614,321,458,987,361,39,710,482,695,733,926,853,275,770,451,840,749,418,561,864,311,919,688,679,477,651,650,491,114,162,30,828,191,68,169,121,679,281,498,484,371,999,221,0,633,584,380,315,383,932
976,276,878,679,71,679,803,418,653,190,820,182,879,153,538,583,158,859,279,434,659,723,122,793,193,208,175,808,813,350,678,855,735,23,336,675,469,853,784,213,874,57,5,303,985,132,186,861,527,177,174,291,369,140,264,19,576,800,247,34,174,389,640,178,51,155,138,274,521,740,402,383,375,741,718,716,141,205,4,131,1,960,877,561,686,14,269,440,141,125,177,182,953,302,438,658,249,318,381,55
284,669,354,609,708,374,694,115,164,763,268,742,431,959,531,856,935,780,53,953,711,949,840,885,261,420,509,74,974,130,301,29,99,98,343,415,324,757,44,134,888,467,954,241,944,506,955,722,910,837,391,202,699,517,217,203,719,299,775,793,80,517,860,287,150,207,99,833,555,625,649,640,519,509,936,84,29,426,822,140,364,910,468,949,181,99,793,6,451,955,474,130,570,166,123,709,493,529,264,937
460,733,545,125,430,93,281,887,223,845,18,448,908,97,67,721,259,159,439,68,572,720,847,23,579,414,572,753,825,713,215,433,166,13,614,362,286,947,19,396,516,747,62,537,178,65,209,301,296,902,798,602,757,400,267,80,148,561,238,340,811,528,163,184,993,28,417,52,93,198,888,224,565,11,996,995,127,939,302,478,593,298,960,817,203,160,872,714,336,988,634,416,839,165,518,141,318,135,772,856
838,708,867,428,861,74,997,325,825,837,97,867,49,1,988,488,395,145,492,321,303,573,103,252,534,828,323,62,37,234,766,437,270,546,459,827,285,797,212,35,638,189,666,78,607,678,400,792,261,564,906,43,88,32,457,116,734,93,80,429,520,840,807,193,142,116,847,375,375,395,920,450,510,33,930,352,657,380,316,981,166,64,917,558,358,809,369,170,369,76,666,231,807,2,971,354,630,106,937,651
504,720,930,409,342,669,560,508,980,41,627,667,112,520,402,934,522,271,786,216,392,664,601,745,302,354,466,532,600,459,656,724,40,453,255,134,384,403,777,254,699,887,847,22,491,595,53,31,254,195,249,192,145,210,243,177,614,290,88,104,948,985,464,683,662,547,72,830,544,459,83,904,138,713,203,311,80,637,304,657,190,181,434,383,4,269,584,731,44,147,412,756,784,477,578,502,504,330,820,617
845,995,677,874,87,192,650,933,72,833,416,807,862,873,854,609,964,670,422,799,780,503,501,139,107,72,659,257,662,882,253,659,897,167,812,74,944,369,218,543,647,231,451,634,925,978,752,682,69,789,621,752,96,65,601,459,776,609,392,991,68,3,530,468,852,834,750,691,53,202,308,651,12,751,385,383,463,820,167,594,704,602,650,561,325,120,167,490,440,640,829,584,981,327,837,599,675,783,585,240
953,782,859,244,181,76,3,853,294,41,872,423,544,325,61,519,159,467,620,521,37,408,820,795,280,33,686,226,68,612,475,504,667,464,693,479,896,12,147,241,55,197,521,536,656,135,383,800,48,159,648,383,940,96,127,49,656,186,447,281,956,907,933,457,231,399,107,407,743,641,506,182,84,216,368,252,525,799,381,149,281,310,605,749,930,581,182,257,41,17,480,977,578,933,626,42,388,741,968,70
458,397,336,123,852,159,356,438,63,772,231,73,638,548,376,395,349,771,790,795,312,173,388,250,340,798,171,513,763,447,117,63,417,542,599,230,508,254,330,819,172,365,759,316,866,963,65,321,301,610,558,605,835,526,227,90,382,351,642,510,146,58,882,548,588,916,703,66,372,950,248,821,754,547,302,563,23,211,95,553,872,622,73,102,162,835,986,229,544,235,841,986,933,758,932,731,114,770,206,652
753,508,15,709,499,635,612,657,145,973,33,269,266,217,443,99,186,559,822,890,156,746,659,759,580,528,470,246,45,925,410,592,299,106,632,887,719,370,879,643,245,742,81,782,283,110,927,741,669,291,208,708,504,91,339,530,376,870,75,13,963,44,44,427,381,915,953,339,179,389,613,43,225,232,655,520,544,752,492,899,776,466,850,286,806,841,574,716,235,245,985,408,785,486,322,490,756,369,3,97
489,799,258,14,494,967,121,394,369,177,820,467,640,810,709,505,950,761,802,911,268,687,809,615,33,880,539,833,975,791,664,788,84,532,310,407,956,583,1,754,810,926,409,574,788,815,108,282,133,951,557,183,990,981,601,226,283,62,762,660,688,998,650,768,106,501,688,746,465,282,838,578,106,557,953,80,313,192,858,861,548,624,206,881,940,91,958,564,544,647,844,187,439,835,292,305,809,863,445,289
166,561,883,330,380,301,830,103,408,267,372,468,468,137,744,491,503,61,660,999,815,758,924,286,255,733,815,345,73,382,100,388,81,146,680,434,442,704,768,335,20,661,760,554,929,929,261,411,912,224,669,14,102,516,754,823,665,944,531,805,928,473,236,729,66,671,184,157,142,108,125,539,759,460,112,176,674,861,482,638,897,282,905,430,951,701,523,797,118,781,744,433,783,205,259,920,301,994,296,400
269,513,344,920,438,579,554,431,818,131,173,156,266,800,539,510,977,163,582,954,146,713,928,145,289,802,345,928,729,964,811,520,889,352,583,554,56,981,561,276,117,916,410,356,955,0,106,428,744,142,281,348,872,287,257,157,954,997,5,296,359,821,450,117,243,893,228,795,56,368,348,430,763,692,976,266,704,819,43,489,135,231,615,748,425,878,231,108,635,171,895,105,368,564,58,555,520,272,802,119
102,284,498,95,185,642,225,719,479,664,466,5,234,228,210,236,515,700,543,356,897,511,987,417,550,967,797,968,797,126,505,231,339,773,233,336,666,702,495,786,831,767,124,623,813,999,660,775,509,303,101,861,367,524,962,916,293,544,974,410,377,656,532,645,791,366,198,300,702,252,71,608,735,923,624,251,92,358,394,528,244,406,761,493,252,785,963,908,57,652,800,32,947,737,393,678,435,815,777,326
864,394,326,85,997,845,297,312,134,206,79,745,343,704,746,257,125,788,499,584,231,299,953,317,710,407,412,594,711,96,253,852,146,40,824,397,248,205,751,671,539,538,968,29,590,770,998,6,573,55,736,53,677,199,494,839,381,622,809,652,414,821,799,226,415,607,649,439,593,498,478,966,495,184,831,997,553,734,625,507,902,476,207,767,924,495,737,443,463,539,965,236,10,662,656,217,42,678,306,628
345,268,46,640,967,538,853,395,12,525,640,51,670,638,249,230,671,297,17,920,490,491,869,463,400,249,136,316,130,871,473,898,14,217,950,224,510,689,777,486,297,81,258,26,390,566,446,273,574,375,868,316,893,731,983,297,869,83,182,620,556,559,887,505,96,633,289,66,488,160,878,147,555,973,838,837,438,272,152,178,712,59,538,705,401,844,604,352,992,716,725,727,171,558,204,791,185,39,943,724
134,700,244,845,981,3,978,833,856,180,671,148,782,256,862,30,252,570,136,551,291,335,76,632,484,897,525,949,950,892,724,389,704,274,301,610,959,821,502,747,948,327,328,371,713,80,371,560,193,326,101,990,188,808,709,391,198,293,235,940,193,254,341,322,698,375,625,329,495,274,438,556,890,931,874,796,61,607,697,261,843,815,967,631,751,300,638,353,878,68,159,480,922,452,472,669,39,387,833,912
479,533,841,598,546,191,928,43,925,776,568,940,641,563,643,869,29,231,90,893,982,27,784,415,220,32,758,762,400,646,626,137,731,175,571,278,835,810,780,371,31,486,877,380,247,71,348,74,673,206,46,357,900,472,61,445,839,861,24,626,787,927,334,284,862,531,856,230,811,335,534,680,291,744,589,312,167,726,68,668,880,535,67,910,16,498,176,783,750,930,224,38,964,244,520,588,37,365,840,465
779,757,920,360,231,637,612,262,533,914,777,873,762,834,508,908,361,837,17,152,183,914,961,999,940,551,216,699,335,874,387,829,32,974,549,876,691,776,720,338,646,909,484,388,724,968,386,20,825,901,590,757,982,505,189,828,524,261,821,978,987,843,575,486,737,821,353,924,206,333,162,598,323,558,562,463,270,9,983,708,453,207,179,82,168,713,118,498,365,722,983,925,448,254,739,455,363,114,587,148
143,152,301,470,752,126,561,519,323,537,646,70,936,604,474,742,579,843,242,503,236,627,675,728,578,810,672,825,781,869,13,137,667,486,248,354,233,681,895,775,874,715,440,557,487,561,138,97,749,157,126,169,807,65,949,536,820,821,356,931,954,514,111,702,758,794,446,959,130,599,156,795,756,66,85,915,316,606,725,738,201,981,946,576,139,168,854,454,278,435,943,362,996,257,202,760,664,235,119,866
250,69,570,437,732,590,55,373,865,447,468,429,832,791,766,279,776,593,115,34,743,869,23,14,596,905,554,739,123,975,741,448,718,883,125,177,774,985,746,630,6,931,85,188,914,611,286,778,679,384,817,409,836,375,866,24,449,588,918,192,785,185,251,644,929,395,897,774,746,610,410,956,783,108,152,971,838,870,188,202,121,331,70,995,258,766,651,8,476,93,855,877,312,671,814,343,563,902,563,834
350,700,255,837,604,784,197,575,598,124,979,409,803,144,199,469,528,728,351,873,123,216,815,392,6,122,221,279,580,120,841,8,23,465,994,658,930,465,244,763,248,70,240,640,266,672,518,744,835,683,43,497,146,889,199,567,724,229,311,606,396,27,491,959,839,208,8,67,809,738,475,786,615,515,782,340,958,891,877,830,249,728,303,808,822,685,761,701,301,375,210,667,393,715,474,802,838,750,881,422
856,854,594,788,402,341,909,124,773,524,228,642,564,326,721,464,229,714,97,119,170,216,379,33,942,968,604,783,950,413,950,216,648,212,740,552,478,289,792,161,689,982,981,891,76,229,294,553,351,472,707,799,134,529,4,661,538,299,27,325,402,606,834,364,255,331,583,4,329,868,505,284,215,516,457,0,747,412,182,936,3,437,756,820,63,563,799,171,530,871,715,515,488,389,670,608,902,449,338,468
91,293,910,834,679,324,596,312,279,231,572,849,978,442,402,129,365,533,619,486,513,579,518,882,841,453,937,396,500,76,761,411,811,443,239,524,668,885,860,939,385,823,277,149,842,433,875,531,581,505,941,3,343,653,666,767,227,432,156,653,776,331,676,343,765,846,460,37,529,558,377,591,978,133,683,814,789,185,57,272,428,960,932,260,480,196,243,443,181,326,196,10,852,750,105,708,504,882,14,632
41,471,818,108,876,25,963,231,452,615,297,959,204,38,431,81,915,439,498,861,285,331,49,818,474,289,122,689,500,873,794,132,312,80,866,722,356,241,527,140,124,537,122,449,248,446,377,990,895,48,670,400,776,671,547,79,981,4,277,238,708,462,80,637,557,786,879,281,943,509,439,832,568,336,805,877,222,146,394,612,426,365,705,915,192,516,173,725,11,819,502,957,29,423,94,634,534,165,90,929
950,191,253,226,269,60,51,345,651,326,850,682,972,663,673,853,674,281,467,687,161,198,496,229,917,925,689,429,462,643,146,449,452,11,450,17,356,416,185,455,10,257,80,607,742,401,960,456,218,254,286,430,965,239,728,723,580,582,860,576,958,686,904,38,804,261,965,770,800,928,67,803,971,893,943,756,369,858,216,479,751,274,302,529,90,775,330,438,324,140,290,558,911,94,213,836,611,845,451,23
443,899,461,445,576,852,781,852,376,416,867,917,485,326,892,214,594,826,429,817,265,528,329,709,948,911,527,517,75,202,241,656,349,621,71,577,321,695,753,378,14,86,10,242,211,125,735,820,864,941,95,711,245,482,411,924,388,725,478,299,670,248,929,996,957,748,552,294,99,300,132,348,401,258,534,41,623,634,735,403,688,456,328,468,144,428,928,61,336,897,828,437,39,499,883,811,282,161,395,349
