872,979,720,17,274,789,82,911,531,536,350,201,538,526,991,675,174,759,261,961,971,30,433,241,706,450,30,586,822,614,810,464,266,562,294,729,288,552,196,908,460,723,897,795,616,391,432,833,45,392,775,310,309,835,971,527,209,37,631,646,586,772,895,522,569,904,974,632,12,671,682,228,594,988,223,859,533,65,161,783,890,540,278,128,579,865,178,443,938,380,21,610,551,184,990,399,35,46,69,701,
934,998,527,771,257,169,945,458,869,398,962,112,149,8,814,663,546,446,60,263,719,121,53,627,972,661,730,134,512,905,447,900,147,709,750,367,955,667,374,999,359,965,330,459,530,648,822,683,614,412,429,430,540,721,352,452,658,543,125,721,179,756,207,188,50,963,488,201,529,813,95,457,978,853,780,315,420,226,558,865,861,927,125,577,962,649,800,927,539,994,212,836,582,573,209,786,288,550,160,337,
757,128,243,246,740,407,743,974,311,275,336,488,201,513,843,623,379,937,96,217,359,511,630,560,746,570,945,502,93,335,225,591,373,337,878,281,403,825,753,8,221,907,71,87,793,942,162,567,120,313,952,888,605,898,740,701,42,6,118,403,219,954,822,959,587,73,855,66,248,503,302,131,706,59,874,43,703,893,243,46,679,58,63,444,200,468,177,171,849,563,315,566,92,205,645,999,697,316,516,983,
975,977,12,400,798,847,803,142,896,924,985,653,298,925,188,611,440,692,308,718,593,201,602,165,665,109,654,738,824,226,710,689,959,920,538,238,722,828,636,700,940,577,246,860,899,337,564,19,949,662,681,731,111,167,404,304,88,834,243,69,533,101,754,412,819,313,504,116,622,640,868,993,111,546,652,917,177,176,237,55,187,470,673,599,103,931,814,979,573,254,500,542,785,907,318,469,844,655,225,750,
973,266,547,326,519,224,559,470,246,808,773,754,192,696,562,162,669,442,342,331,112,587,280,416,824,262,1,86,983,211,607,194,23,179,528,79,546,25,440,11,354,422,787,446,658,874,114,11,261,126,361,221,517,970,56,394,502,663,874,805,406,156,457,648,551,408,134,143,148,793,378,689,745,676,227,262,10,705,866,212,85,323,761,467,782,439,947,604,288,103,448,517,492,211,206,372,440,611,523,754,
8,4,79,470,951,327,393,135,235,620,989,115,190,638,974,15,49,927,168,17,579,632,665,431,733,195,363,955,622,850,794,297,957,521,310,181,887,16,525,102,460,439,876,256,47,48,372,283,663,624,986,13,486,366,589,557,570,133,735,927,571,559,122,751,334,952,136,964,962,921,27,447,799,167,69,58,391,444,315,63,737,670,600,139,575,248,107,504,638,118,250,411,396,192,694,434,822,748,186,819,
781,889,360,512,474,713,41,533,443,315,25,613,770,748,36,491,90,13,719,112,832,703,43,213,24,499,952,328,513,969,883,667,497,980,156,840,104,379,870,567,307,395,344,764,81,66,113,348,194,792,281,271,424,189,545,232,802,194,662,828,669,580,986,336,695,184,755,689,817,623,90,448,217,100,622,779,842,689,999,95,852,212,111,781,157,854,204,891,22,158,716,466,419,253,781,307,230,419,969,373,
747,287,782,985,871,215,549,952,494,491,333,317,816,83,319,687,77,710,32,710,495,9,125,101,876,743,522,526,777,891,608,331,93,757,933,623,848,233,415,546,973,825,959,279,989,11,853,145,930,992,488,466,992,164,316,635,234,915,241,117,469,499,441,941,454,93,66,564,500,399,41,464,414,502,129,817,433,625,825,834,457,255,981,344,627,938,339,403,915,235,183,820,357,131,23,319,165,237,548,554,
602,65,678,65,695,954,502,952,530,125,115,512,983,457,724,813,249,34,282,516,996,719,716,283,805,779,1,878,370,761,478,642,117,409,305,216,74,465,762,228,317,204,259,970,192,351,458,169,211,13,950,437,655,560,210,644,397,753,458,973,324,844,569,359,863,863,892,617,485,327,821,750,416,279,428,389,567,234,847,77,462,540,797,434,239,770,544,915,464,186,869,939,729,799,945,991,813,566,9,367,
894,742,83,89,39,66,714,135,20,987,16,612,691,674,28,642,839,133,722,25,146,822,991,987,537,2,943,878,197,922,610,730,679,946,654,791,687,549,198,686,284,609,263,185,576,748,373,63,5,279,270,247,870,916,914,487,967,788,539,617,779,9,591,131,383,23,853,371,993,718,431,563,318,690,568,1,552,946,403,878,373,416,795,326,460,467,673,627,145,8,640,965,135,605,74,243,92,911,996,692,
561,406,132,303,267,679,227,330,496,526,471,505,89,807,69,500,1,795,258,887,474,158,319,156,31,154,677,989,336,736,256,943,460,596,577,224,470,141,516,304,494,947,490,170,357,274,956,206,327,301,201,545,201,817,328,854,130,948,411,6,939,634,727,124,380,135,301,326,632,4,537,369,102,350,800,72,672,537,890,815,768,83,63,422,918,827,785,4,262,751,74,812,976,997,628,352,211,631,419,430,
946,517,835,645,648,552,681,425,176,796,535,577,847,950,240,904,268,297,237,557,978,760,949,203,160,292,379,268,96,658,828,820,578,76,774,991,286,554,325,714,577,449,634,894,222,371,350,588,588,93,279,694,42,114,856,994,367,641,244,463,483,366,210,556,346,850,189,726,678,319,300,376,413,127,976,296,261,830,488,215,511,89,23,899,548,210,788,276,748,309,455,427,28,999,921,728,401,399,593,296,
955,844,177,594,110,716,412,515,732,696,649,172,281,715,259,374,674,107,712,368,883,159,935,932,928,241,158,573,539,805,668,260,241,371,896,175,211,391,102,460,265,735,186,175,85,558,714,29,184,77,914,86,115,796,469,445,498,537,392,68,707,129,993,983,7,849,556,589,86,229,484,303,112,734,927,849,290,452,781,427,87,813,41,944,87,854,472,218,777,145,593,539,680,171,170,713,947,634,669,28,
426,999,568,132,948,767,760,89,856,508,750,694,485,615,613,845,114,312,701,236,706,91,312,424,706,442,539,106,857,606,207,369,46,755,355,559,956,307,420,483,888,29,928,495,41,985,844,843,694,795,897,66,989,401,847,962,523,563,242,952,45,838,772,672,488,916,659,991,113,919,75,632,632,334,542,16,702,358,780,72,969,834,578,188,888,464,453,36,726,862,473,132,698,289,350,115,616,802,145,710,
343,707,32,200,881,502,805,795,196,180,458,631,459,899,34,584,399,13,160,891,943,804,440,955,708,309,753,83,678,667,537,947,301,786,318,108,784,416,95,276,374,318,654,487,411,747,95,826,464,387,517,181,451,129,293,379,318,950,352,704,684,302,411,135,749,936,829,752,227,357,821,608,482,149,692,328,174,905,264,677,4,304,682,660,13,272,591,317,810,811,881,364,697,218,251,199,772,320,743,933,
546,661,313,48,21,171,417,908,557,381,715,292,32,507,823,580,4,834,245,236,627,854,722,907,366,14,216,233,245,170,252,898,94,650,852,792,907,985,856,195,421,562,469,319,678,958,441,388,722,872,309,153,656,635,701,104,636,737,227,906,866,69,259,578,118,185,412,234,807,164,711,984,760,476,103,44,719,419,181,158,261,261,2,898,200,933,150,960,751,766,339,405,554,729,176,354,126,351,390,291,
129,353,578,805,821,111,67,801,501,277,57,145,168,769,926,597,559,211,20,725,23,274,127,771,43,232,747,735,273,544,296,809,757,408,145,807,489,885,637,736,977,876,433,786,840,609,479,243,573,439,625,84,989,914,289,83,291,225,180,587,491,457,397,739,651,852,740,55,708,199,679,232,779,64,49,375,987,290,512,471,826,400,158,515,919,235,685,462,338,556,670,504,996,159,614,119,183,60,143,64,
417,846,532,334,422,942,622,567,903,877,385,148,899,310,782,960,633,110,15,122,95,271,718,149,960,298,352,1,621,158,557,558,563,741,338,503,460,348,966,277,462,768,194,190,968,697,20,291,709,148,572,418,286,162,234,997,793,510,881,662,287,920,374,738,568,471,218,607,916,645,628,743,3,852,109,209,78,975,403,565,885,706,478,138,634,558,682,669,136,904,98,369,661,750,501,616,437,618,133,71,
293,57,348,188,503,580,520,414,983,899,2,579,251,903,710,30,820,895,461,434,213,648,424,841,844,965,633,720,406,899,601,218,414,809,221,908,640,137,507,647,487,930,876,150,641,542,88,878,869,568,782,272,575,770,36,201,478,963,910,254,826,803,611,571,168,775,631,841,90,729,623,461,509,446,551,742,685,749,337,537,231,323,142,452,173,647,606,607,827,831,754,621,999,889,801,370,908,348,917,449,
521,138,481,850,25,278,894,659,420,566,384,929,27,632,820,110,813,980,920,382,496,846,778,523,420,373,759,181,79,247,874,864,830,259,336,716,515,124,37,27,633,731,40,653,3,823,331,597,908,126,279,13,425,257,555,35,515,758,663,259,886,469,765,72,136,600,726,382,548,754,894,162,487,870,628,530,833,155,210,892,591,177,523,972,519,220,364,166,379,405,388,459,164,614,193,804,427,207,219,412,
922,759,755,844,313,674,488,746,417,348,991,883,539,262,83,587,516,606,47,491,798,267,744,178,425,347,733,521,551,307,177,44,723,381,33,803,626,174,669,202,618,472,646,86,294,869,30,890,441,956,30,215,138,289,622,946,463,302,549,306,669,294,440,731,236,202,209,174,439,274,36,675,849,985,623,347,410,527,801,949,966,633,565,827,372,868,883,983,95,872,665,595,477,971,29,914,465,38,87,617,
708,390,729,412,484,831,112,766,55,53,991,714,667,294,579,931,464,953,898,946,84,638,245,502,834,750,774,122,645,572,813,688,819,495,294,944,803,888,121,646,133,793,207,449,722,751,849,624,432,457,651,881,167,348,618,472,596,740,280,783,699,170,8,806,952,791,705,434,947,329,534,231,905,762,529,939,177,528,682,955,442,393,506,695,541,78,160,237,302,143,718,404,579,828,398,760,705,100,886,375,
280,258,686,67,482,879,913,731,689,659,810,158,945,693,751,306,643,254,786,946,520,109,671,20,636,4,765,39,783,391,997,573,966,548,220,43,585,950,323,860,97,246,682,42,944,209,744,236,844,212,340,71,377,114,772,609,16,91,620,307,136,294,682,695,432,367,119,200,52,248,54,568,186,331,626,383,74,394,558,18,835,22,127,616,773,245,331,971,656,981,226,67,169,516,368,268,863,791,368,799,
602,120,125,887,140,656,237,323,819,225,429,702,50,118,385,484,686,806,588,919,145,369,986,706,679,258,596,306,744,226,860,953,275,294,722,78,757,697,709,156,534,294,533,321,413,493,803,569,485,567,691,603,4,960,72,745,562,821,556,362,638,354,110,385,159,993,465,455,110,36,737,960,148,36,850,597,660,597,106,837,206,276,684,446,512,503,745,109,324,41,727,792,244,886,179,253,937,405,145,842,
399,553,778,865,200,276,63,212,333,98,221,249,481,62,753,93,601,691,390,279,943,398,160,424,593,46,223,533,439,889,730,588,289,118,835,953,761,771,747,182,866,39,95,260,288,929,29,412,30,447,627,479,934,660,58,250,97,902,676,488,594,676,756,890,832,19,274,347,894,541,583,992,716,985,580,54,996,431,880,298,204,991,22,925,415,541,302,354,77,706,213,536,807,95,53,337,529,408,285,378,
164,411,438,694,721,989,946,137,401,52,855,239,478,739,267,323,903,944,231,431,907,488,510,193,691,25,676,401,384,680,531,664,364,116,994,590,404,786,985,520,43,497,883,511,513,624,762,231,727,718,406,303,253,485,584,14,918,828,498,693,174,552,445,95,958,572,532,214,851,164,311,685,572,343,905,709,54,592,486,87,822,623,551,244,496,463,65,192,173,561,465,849,972,705,314,596,222,258,428,425,
942,968,309,780,790,383,10,612,530,639,938,567,77,584,164,777,897,747,553,803,854,90,718,297,172,353,0,656,549,736,824,574,75,621,889,498,886,476,978,661,104,238,484,819,886,806,917,233,899,39,754,989,880,457,167,565,917,132,581,144,100,636,507,417,94,671,79,2,837,141,546,644,198,65,463,603,985,507,529,831,686,116,404,839,632,211,321,163,23,900,501,402,226,771,853,196,573,81,846,116,
92,180,442,477,719,256,773,572,855,682,28,448,292,143,667,28,500,618,229,428,71,94,808,959,665,769,959,416,980,173,172,375,530,202,880,783,946,838,984,603,13,548,58,28,9,233,717,176,652,583,868,331,441,216,380,977,891,334,396,428,155,276,220,897,208,526,564,516,675,767,124,760,319,87,5,64,998,0,398,395,363,816,366,326,910,882,33,305,940,510,705,919,385,464,500,975,762,443,142,961,
56,540,662,849,170,917,764,741,693,436,928,812,413,483,940,2,641,216,612,428,710,433,160,93,823,393,603,95,738,38,167,669,818,588,600,874,510,46,861,509,98,650,87,353,553,177,204,131,785,966,86,594,872,392,968,766,717,180,879,93,676,830,98,636,103,994,731,259,772,902,374,699,441,544,930,777,386,521,481,276,561,642,932,647,63,783,896,58,751,883,851,394,716,944,925,811,684,317,884,250,
15,603,674,124,210,459,574,885,212,931,753,944,822,804,486,927,91,885,269,59,201,718,142,337,185,672,195,904,623,329,627,399,956,237,286,859,505,447,791,719,593,731,345,96,599,477,684,119,920,780,904,85,838,185,792,334,386,303,736,493,871,878,310,499,406,881,440,805,898,22,605,151,549,835,695,164,806,366,568,671,443,252,602,338,164,808,10,295,377,228,956,762,604,394,54,749,79,371,694,931,
304,203,169,426,327,21,611,755,915,178,706,217,200,235,2,671,344,61,945,967,832,283,428,302,259,865,958,118,410,756,236,861,662,558,574,76,204,532,979,842,172,579,108,43,598,216,337,888,312,203,17,473,796,241,914,166,214,35,787,222,630,967,267,826,460,249,626,869,197,780,576,8,476,999,939,720,940,445,832,135,161,946,79,884,573,181,144,364,71,61,494,588,639,127,391,989,998,806,706,182,
460,131,755,875,498,804,625,178,411,127,258,174,564,875,791,197,151,270,739,931,300,741,734,832,824,54,839,629,258,614,583,860,852,941,760,283,37,584,906,360,506,896,724,347,721,309,897,729,200,878,895,418,90,68,719,31,638,717,347,792,787,471,380,792,748,758,597,686,867,445,467,237,382,249,125,2,384,306,850,334,666,241,659,683,413,949,868,527,507,989,732,920,86,439,97,435,807,906,783,797,
849,42,284,143,444,90,88,182,592,126,402,976,239,765,270,768,859,961,941,178,744,647,105,957,918,933,255,753,840,797,872,162,862,721,101,850,312,918,670,816,324,399,616,651,965,937,988,559,607,70,465,200,916,278,487,384,198,345,768,830,495,121,537,254,865,692,519,544,810,763,379,926,114,247,502,326,315,791,825,225,496,674,652,388,372,10,336,12,819,911,903,352,61,420,166,70,662,110,398,925,
792,216,105,407,993,58,765,740,508,938,26,718,266,183,832,999,103,142,588,160,813,430,305,290,24,377,94,290,826,721,120,34,195,362,417,601,619,424,879,498,304,992,707,298,374,807,593,621,790,139,186,966,488,72,425,352,929,120,25,339,305,594,591,162,254,489,908,797,938,721,589,682,873,256,801,792,716,223,173,49,773,878,633,997,192,551,15,81,977,663,771,458,624,1,342,848,418,845,74,917,
861,108,316,985,681,334,432,181,441,498,724,118,829,287,204,499,910,835,507,130,759,508,855,83,225,576,102,783,258,460,928,972,381,601,385,643,283,902,541,784,748,48,900,240,444,833,714,757,4,754,857,742,339,804,273,348,339,818,655,100,834,174,47,936,305,598,593,839,515,439,375,549,673,126,148,461,708,753,439,349,868,561,545,155,234,44,208,420,83,282,978,659,443,606,871,943,40,472,686,735,
217,266,177,911,148,315,123,349,512,838,219,164,319,556,450,928,192,727,823,113,729,645,805,355,281,65,798,825,682,377,341,684,978,782,456,790,878,443,490,963,761,16,813,441,329,361,892,689,656,161,261,689,523,423,157,823,303,372,687,37,181,115,647,932,275,424,105,432,478,815,485,27,566,8,767,587,399,855,45,325,634,667,509,936,522,38,268,238,312,227,325,656,6,34,510,246,917,931,803,687,
31,904,868,181,148,100,690,592,956,249,405,838,900,812,759,81,698,906,713,671,488,78,719,830,470,770,740,618,407,540,577,880,275,93,573,516,404,470,71,619,871,155,433,403,145,233,938,913,728,911,149,356,742,88,318,8,190,81,58,940,220,706,283,164,190,992,639,791,685,58,302,770,173,172,936,993,955,655,2,431,285,945,718,302,253,11,109,986,829,52,431,558,737,278,860,179,192,484,943,216,
813,175,689,723,208,85,545,57,124,530,31,973,142,233,359,808,753,409,303,542,886,63,941,630,377,24,277,523,455,89,564,586,259,226,923,933,762,886,69,392,806,493,663,127,953,963,623,741,872,265,179,157,713,834,660,205,897,224,103,825,800,804,291,730,131,89,635,783,548,478,22,239,893,233,435,999,82,800,634,282,303,83,469,762,709,400,341,530,750,55,987,733,635,138,660,101,646,558,748,366,
257,477,105,584,100,315,877,836,349,996,145,654,576,368,110,908,605,270,920,93,96,592,628,792,43,277,144,75,334,781,121,499,807,493,221,996,797,80,879,424,677,347,935,47,599,19,989,784,492,306,631,569,454,498,9,532,519,322,165,509,189,923,563,833,337,84,275,607,636,545,387,851,137,37,373,864,9,137,953,355,981,545,861,94,587,865,522,760,868,117,948,585,801,537,758,977,857,349,865,8,
559,114,586,356,924,881,498,663,515,276,309,761,657,743,27,930,504,607,902,404,318,127,759,169,166,20,911,925,829,747,5,698,726,346,532,395,607,43,216,382,77,774,853,237,940,385,316,157,985,611,329,204,782,338,236,194,369,718,246,620,102,23,432,122,849,252,623,175,983,87,311,985,724,99,550,229,67,797,307,695,462,835,755,784,261,789,221,693,270,585,189,681,175,166,115,553,88,660,952,152,
214,143,786,664,234,41,12,619,466,241,425,861,224,36,295,794,894,219,119,499,467,759,568,497,408,822,132,570,145,819,112,667,305,778,415,148,264,757,977,792,323,934,634,516,652,989,336,715,916,30,990,230,43,375,253,899,911,455,920,223,921,284,822,279,179,756,766,895,752,332,447,342,289,823,761,7,812,690,81,169,972,398,659,119,675,271,996,285,521,541,570,926,559,290,43,65,629,37,411,364,
364,121,127,409,702,549,262,114,328,241,651,365,1,332,708,67,447,782,408,323,78,668,687,617,215,993,347,150,728,943,27,886,203,644,702,161,814,147,910,655,416,711,592,217,770,829,981,159,942,364,647,901,172,860,93,354,135,70,232,105,335,241,718,249,113,621,748,11,402,60,787,7,708,390,255,630,225,606,751,496,139,895,173,133,724,966,157,121,291,630,73,152,931,816,829,543,883,657,178,415,
804,593,426,69,637,979,969,483,221,768,601,458,230,717,89,966,909,910,763,667,436,178,594,470,795,167,189,430,177,509,901,580,272,838,343,76,390,45,183,764,642,222,840,883,702,358,821,812,229,922,615,555,586,389,95,873,28,672,432,174,929,92,53,286,852,60,322,804,989,100,285,792,96,931,30,471,286,774,296,538,150,373,200,347,857,751,697,819,77,377,404,282,791,635,432,763,742,716,521,759,
626,192,866,459,307,575,326,413,478,744,530,145,960,639,472,984,532,654,446,283,442,983,740,709,199,320,56,628,425,956,752,357,436,338,214,364,775,437,520,152,485,771,411,267,640,866,268,102,912,425,413,461,252,404,152,576,253,990,103,370,174,637,810,77,876,441,658,159,398,663,36,474,0,4,712,110,398,459,732,98,487,587,313,954,707,823,811,197,159,914,181,350,933,774,844,783,658,206,166,442,
938,136,723,795,167,852,894,951,782,302,780,617,903,314,47,211,422,208,65,292,454,811,523,838,858,204,569,330,753,480,946,985,958,364,411,316,145,603,275,837,984,635,516,308,894,402,789,681,187,786,898,524,537,356,870,650,764,313,189,229,458,93,419,804,606,451,200,983,627,120,823,412,158,753,384,386,903,427,929,657,874,888,792,270,950,518,800,77,213,826,997,264,195,850,207,837,836,6,203,508,
747,386,840,900,725,918,680,348,684,86,235,756,244,304,688,51,818,643,646,711,241,31,816,210,740,64,46,715,385,552,394,978,831,37,404,623,424,837,552,913,53,160,35,411,909,515,838,147,109,857,174,522,925,667,92,467,322,419,431,333,368,756,856,855,99,961,45,403,113,355,437,69,379,312,405,619,497,113,617,342,885,58,504,768,684,997,81,559,224,128,396,883,285,129,393,447,87,809,974,993,
303,909,735,955,476,534,547,932,253,412,901,1,467,668,29,772,403,533,557,968,238,976,671,442,249,954,484,899,73,270,656,719,1,205,571,8,248,240,47,72,14,990,87,930,255,197,786,781,812,30,861,665,25,927,879,763,140,299,854,306,583,112,957,837,769,95,902,531,504,299,325,565,333,308,453,929,706,363,323,80,209,935,920,776,151,909,553,154,932,250,140,253,433,875,726,375,817,925,955,317,
475,481,865,592,83,413,801,156,130,52,349,614,423,699,644,933,486,867,415,752,478,192,340,391,440,53,254,900,686,715,926,451,944,988,774,773,555,674,775,331,896,133,147,315,507,153,20,131,333,152,827,976,460,336,115,579,759,961,454,132,639,967,583,782,618,824,669,400,247,985,694,219,661,839,975,244,639,879,642,388,961,477,39,800,88,271,762,761,281,520,106,713,42,489,494,262,196,737,396,516,
192,756,565,564,446,665,412,631,823,213,1,128,175,675,196,737,456,277,460,431,445,654,881,359,439,71,184,771,51,42,798,999,531,709,132,599,799,209,302,734,164,503,934,274,868,769,703,404,101,355,615,346,543,211,142,706,105,581,395,46,351,773,598,266,370,758,458,341,60,939,514,678,45,497,321,239,321,456,776,44,977,996,967,264,173,810,202,416,322,771,430,112,726,824,505,774,861,323,858,104,
151,879,909,963,255,476,271,793,456,659,535,936,251,148,113,168,125,864,144,371,938,812,486,728,92,786,394,353,403,69,441,417,186,703,749,809,147,964,71,682,604,461,862,821,174,443,419,60,270,468,770,869,702,578,312,372,132,759,282,340,383,269,241,647,145,7,910,779,839,424,707,584,881,57,387,546,995,267,843,412,881,310,589,661,159,140,300,774,899,638,805,254,34,372,216,346,964,113,965,2,
500,766,496,867,676,260,542,439,865,579,206,561,747,80,705,237,541,72,659,541,104,212,377,532,569,396,796,764,592,908,817,211,692,435,82,569,500,776,426,476,704,382,920,618,215,335,955,567,503,875,722,523,536,527,282,692,86,867,259,857,647,970,523,967,157,114,980,701,176,64,660,624,952,653,737,110,652,418,68,746,896,265,711,512,724,781,770,22,100,334,293,358,37,667,418,815,59,502,117,764,
556,881,223,264,105,102,242,926,762,99,367,153,20,636,905,882,753,614,894,746,206,415,998,825,957,115,892,36,428,527,910,388,573,450,547,368,85,244,409,78,398,998,104,531,290,116,437,575,773,724,304,809,296,945,516,706,742,273,964,441,327,988,899,269,527,181,991,214,692,95,29,337,713,511,732,836,687,417,815,324,535,94,242,216,719,465,282,322,105,577,843,165,247,887,750,234,621,242,895,334,
56,51,917,846,837,533,12,838,572,799,121,461,407,521,227,507,146,636,202,42,792,109,44,153,257,967,382,726,956,261,631,876,391,106,929,536,595,484,324,502,907,273,278,264,123,267,840,677,228,518,883,756,411,530,506,762,732,477,483,479,56,979,666,387,357,287,288,302,216,89,110,412,81,996,878,849,268,174,831,639,659,243,468,337,523,20,320,734,847,136,918,116,407,407,441,352,879,810,536,423,
360,596,802,588,600,874,753,883,114,50,802,927,433,51,57,23,792,524,725,215,750,673,18,839,417,794,841,954,365,705,656,210,943,662,426,884,13,44,288,237,333,469,693,297,354,780,167,338,687,454,799,851,508,525,8,361,386,866,539,595,636,441,692,752,690,741,129,327,246,595,339,656,210,177,323,880,450,110,243,191,298,760,93,679,638,639,0,411,64,821,475,236,434,493,786,915,74,641,590,316,
511,265,574,874,995,408,804,884,448,704,468,11,916,47,891,833,292,8,496,326,182,884,460,212,49,516,861,212,568,450,752,949,933,664,732,846,338,187,157,109,57,587,598,241,559,218,523,708,101,62,428,712,751,362,385,220,85,18,31,540,761,619,783,416,730,308,381,855,219,558,472,308,785,652,823,514,768,652,53,562,724,716,560,792,27,495,829,131,539,778,179,366,929,448,124,178,188,243,811,602,
689,500,323,593,758,93,498,488,854,645,127,815,975,376,817,984,693,973,848,614,294,217,725,226,31,261,560,18,525,375,586,924,12,266,897,19,824,245,667,339,610,207,462,57,952,909,895,953,506,354,62,409,131,26,255,84,331,940,47,983,713,982,34,597,571,460,306,823,16,93,379,626,590,949,344,78,816,973,389,553,966,430,535,103,335,957,135,309,60,142,597,187,274,469,206,121,659,51,661,291,
995,720,658,575,118,837,543,523,672,356,122,562,169,620,906,345,291,562,414,522,234,592,479,452,448,607,882,604,767,772,755,137,871,718,246,985,708,747,26,962,90,36,61,195,229,963,645,311,232,67,890,688,590,37,952,749,221,797,283,624,780,758,917,972,995,815,16,845,432,850,21,558,118,243,751,374,287,839,969,506,134,326,470,945,586,862,207,944,200,691,178,522,180,565,290,919,544,344,913,996,
606,577,436,740,896,332,323,938,102,682,748,61,574,785,689,633,47,947,237,898,696,791,90,824,263,389,509,986,897,879,107,231,555,133,436,699,106,358,127,839,390,208,919,215,664,955,23,832,329,566,20,455,367,539,127,754,157,381,37,201,413,226,546,796,754,504,861,412,257,367,534,239,266,396,301,453,985,386,563,883,387,948,400,415,294,184,82,192,76,578,21,570,200,789,924,953,771,598,252,740,
27,899,25,303,335,710,102,777,782,576,443,153,441,628,32,680,507,687,50,250,570,562,746,461,729,987,241,213,172,87,456,166,552,853,728,580,553,208,556,661,840,479,388,99,179,469,340,262,486,652,72,805,411,562,324,864,402,65,709,505,341,975,839,432,154,315,654,339,404,316,152,54,878,304,446,444,772,552,273,505,148,54,980,33,885,896,408,238,11,948,249,415,405,932,783,528,473,194,773,25,
182,405,158,892,286,688,33,778,239,77,909,975,485,446,945,496,102,413,756,787,24,884,245,28,430,807,259,533,397,324,827,587,587,639,483,393,963,402,657,208,145,832,56,840,159,821,474,264,935,539,454,519,830,33,438,514,203,251,757,960,12,354,129,272,422,455,299,148,837,95,835,790,249,144,792,950,131,535,476,311,590,272,586,239,595,291,615,837,402,819,595,195,20,975,554,251,429,203,1,347,
481,545,142,698,793,321,992,761,546,342,734,574,318,748,918,862,875,71,743,490,302,666,885,420,437,810,179,873,498,442,885,989,359,776,592,908,310,442,954,12,736,721,178,451,427,25,883,138,5,0,603,893,446,171,888,998,475,249,565,20,433,482,606,166,707,46,284,754,299,315,645,188,612,306,373,389,64,814,213,638,800,536,451,378,799,758,588,873,927,606,806,19,136,817,898,688,893,952,936,541,
95,23,363,465,80,14,230,851,260,352,962,924,63,158,886,315,402,890,414,404,908,617,751,304,901,118,233,590,849,207,542,404,616,769,217,139,124,892,218,453,59,768,708,332,767,834,797,944,142,697,846,566,969,643,715,343,145,651,341,745,424,365,777,186,179,231,387,418,564,578,799,480,415,60,935,845,608,301,786,422,913,85,349,658,814,309,254,379,836,820,488,154,862,326,481,936,536,975,935,461,
740,292,636,526,263,633,9,274,492,313,124,41,73,616,449,251,610,275,84,82,527,768,401,663,987,904,177,108,704,260,563,446,326,373,657,808,478,492,943,520,851,311,6,56,651,658,642,610,420,490,561,652,749,668,939,744,615,828,215,460,35,711,57,92,477,443,730,586,115,944,672,482,87,790,540,395,545,459,858,428,419,305,779,48,135,390,206,568,482,348,373,369,909,587,463,260,537,953,271,200,
944,407,546,386,390,43,159,244,538,92,747,819,400,77,52,545,485,278,762,830,235,293,738,379,937,12,282,258,916,320,337,436,47,785,421,557,566,282,945,11,920,314,756,889,484,310,630,290,69,152,417,52,802,806,466,822,943,0,97,964,365,502,406,590,234,767,420,2,559,0,7,699,844,989,732,971,882,699,676,363,799,373,375,733,151,919,799,463,338,948,906,820,254,571,99,769,955,798,836,648,
524,813,649,711,864,909,535,953,628,835,970,813,579,583,707,496,754,219,165,517,995,847,969,501,336,270,212,782,887,81,168,240,263,475,389,874,851,36,913,8,927,949,69,697,264,624,297,536,16,510,995,911,934,404,47,264,235,994,234,779,354,53,846,424,221,404,917,254,968,831,769,621,4,394,495,74,77,940,400,939,227,895,294,649,17,542,475,183,73,394,589,427,230,431,250,926,782,877,176,365,
206,731,807,698,84,585,684,777,679,336,310,803,502,43,74,617,337,408,585,825,799,199,974,654,492,513,950,264,482,614,84,687,437,12,122,202,562,244,843,115,807,717,190,470,927,146,39,95,429,555,482,60,173,835,907,121,791,190,424,81,79,463,112,536,695,825,390,910,276,884,222,507,199,457,882,910,786,305,874,763,921,385,756,560,984,211,5,818,282,56,447,81,704,802,603,528,865,276,954,647,
750,318,818,219,10,631,783,758,551,594,40,548,58,681,689,260,154,755,872,955,785,439,543,37,753,977,179,267,904,334,884,944,94,348,88,706,186,239,449,305,470,669,209,309,78,458,561,957,777,605,38,915,662,466,716,459,660,118,484,208,517,598,301,919,628,617,709,471,755,230,230,176,332,536,334,143,367,16,542,515,383,340,620,4,756,15,147,718,201,874,492,511,705,205,439,343,199,193,978,960,
620,380,727,885,264,538,156,220,244,6,307,252,933,978,882,827,848,192,462,339,911,479,405,545,626,431,312,169,930,917,388,733,592,524,624,190,576,929,615,906,837,790,171,41,521,784,521,920,885,794,615,584,420,892,196,246,942,107,811,883,508,763,990,189,643,720,32,481,448,907,876,484,249,677,671,840,619,905,330,461,764,665,157,545,373,226,384,333,361,914,332,138,384,913,483,947,717,802,834,411,
621,743,356,783,43,149,512,582,184,975,815,88,917,954,215,532,761,983,629,766,459,478,729,344,30,420,634,189,861,772,942,672,40,262,784,730,991,260,15,222,857,693,253,616,439,297,814,791,444,246,63,166,599,302,366,718,636,231,145,338,673,743,332,947,804,709,111,317,165,516,204,214,67,310,212,379,640,931,181,170,880,466,224,719,638,881,385,926,24,191,438,941,186,396,890,63,106,394,319,451,
820,897,945,623,840,743,361,383,465,115,227,628,372,488,652,447,114,744,667,430,661,239,48,364,924,588,915,207,177,521,389,856,858,588,426,286,7,685,342,385,655,344,762,160,633,154,225,771,11,836,805,439,158,704,22,568,4,484,121,878,915,616,879,63,943,102,480,162,628,550,829,532,449,728,321,480,166,614,13,243,589,490,451,462,715,27,76,116,373,850,700,611,987,752,362,879,539,423,535,797,
526,501,13,302,242,78,533,476,85,651,72,521,762,690,998,769,35,66,616,134,62,285,961,74,81,409,811,796,489,256,719,666,327,329,524,637,822,567,506,408,517,36,250,926,859,185,996,412,22,212,432,330,812,487,232,860,569,4,977,930,233,260,987,271,901,69,249,249,757,44,607,104,84,212,938,356,816,705,26,638,22,671,851,809,213,815,929,148,863,587,604,598,513,98,255,845,305,740,480,752,
423,54,603,264,220,193,733,701,594,60,361,702,746,292,245,912,837,34,794,552,254,39,689,719,626,199,200,619,959,35,515,215,862,462,708,824,838,823,701,726,536,483,948,979,423,731,929,616,474,879,153,584,35,434,980,211,925,258,802,421,990,18,789,290,524,759,51,383,28,166,770,258,764,978,980,245,146,13,877,595,862,393,362,164,13,771,70,912,536,686,7,847,635,712,315,1,498,653,154,73,
615,254,120,943,77,744,524,567,147,645,886,890,752,365,451,135,960,392,142,278,259,958,858,482,245,525,206,306,452,889,400,637,558,110,406,106,94,713,788,603,171,238,854,23,443,66,736,435,828,117,202,455,830,678,89,200,775,255,532,136,806,978,286,56,506,438,434,358,765,713,159,967,108,375,686,81,23,22,127,589,664,106,493,232,64,591,397,726,713,99,510,440,819,280,421,44,522,240,525,317,
583,557,536,770,540,956,74,247,85,660,655,144,361,59,137,513,423,524,14,786,762,390,431,352,133,798,306,670,502,493,45,476,222,959,871,439,61,581,856,414,601,952,771,344,650,346,181,164,0,857,601,611,749,655,42,468,627,177,592,828,20,820,16,719,177,557,448,681,26,608,542,650,118,696,566,252,858,974,535,796,221,853,406,731,61,587,676,659,906,752,321,48,779,954,415,427,505,385,63,649,
492,616,672,465,114,960,746,911,707,146,952,766,711,228,744,638,816,745,406,212,735,174,782,400,252,205,346,239,834,210,316,16,488,334,992,586,26,896,674,963,301,218,645,194,357,818,102,428,414,739,852,646,434,789,525,918,712,705,396,117,700,367,706,376,513,838,15,541,764,163,926,675,443,993,479,654,810,397,610,37,237,529,56,933,159,388,272,774,703,971,612,184,929,950,451,179,285,469,801,127,
461,716,244,397,416,889,500,5,829,76,458,741,285,6,280,796,230,945,216,366,862,296,716,373,492,45,971,363,613,323,198,117,767,393,103,74,991,158,366,735,195,956,390,255,513,312,999,634,988,787,885,771,412,134,496,598,138,701,542,54,297,972,340,213,417,47,559,93,98,828,772,422,487,274,780,801,851,151,134,705,466,677,174,635,950,71,662,577,802,391,803,3,159,667,140,152,444,895,954,848,
578,380,147,726,687,88,84,971,150,995,803,733,879,311,179,156,203,167,806,371,595,731,881,301,347,835,955,887,516,761,601,596,979,757,443,337,239,231,539,540,483,752,917,89,360,141,171,524,608,749,57,323,839,156,666,452,14,764,246,242,146,310,578,867,942,704,540,32,519,708,811,40,9,10,602,350,515,775,722,894,228,827,678,978,584,743,914,742,528,213,220,741,515,381,469,219,483,534,696,66,
337,571,95,749,109,234,296,382,613,355,864,825,853,630,501,103,25,542,805,850,109,624,436,796,859,722,167,618,472,306,590,469,720,281,186,191,58,533,736,220,602,840,194,29,235,623,924,667,639,416,208,545,727,989,991,606,566,584,249,172,216,106,343,486,29,941,202,777,920,499,512,878,222,799,896,233,25,335,439,520,3,348,938,71,347,34,652,773,307,615,365,330,701,247,126,143,764,160,758,433,
166,255,935,164,964,84,622,362,295,869,10,627,403,339,646,850,799,559,874,912,722,835,485,188,889,731,243,874,128,97,453,683,993,672,18,43,215,766,962,114,632,757,350,935,793,187,151,199,970,298,626,102,164,974,512,150,385,755,951,955,991,110,396,94,381,881,232,351,701,613,654,237,534,522,197,977,784,824,23,922,118,967,823,355,11,8,340,229,751,495,841,581,761,105,107,798,320,801,761,946,
261,2,194,249,284,135,806,323,753,192,895,632,599,387,61,136,292,455,200,903,640,16,598,892,71,819,636,9,889,615,180,664,73,655,637,587,44,887,892,310,136,595,11,391,808,601,618,98,454,753,433,702,968,515,87,399,783,312,347,450,268,689,175,265,96,628,752,519,439,100,564,24,725,265,47,464,136,974,837,389,403,217,29,810,453,494,280,786,148,648,663,604,250,880,291,973,688,677,181,892,
269,710,264,119,150,626,19,784,204,860,782,931,472,511,416,505,543,503,601,517,826,562,252,151,433,852,624,54,214,662,665,331,808,265,279,201,852,871,568,255,435,223,624,96,125,454,11,247,0,205,864,212,247,959,565,485,851,623,916,547,582,893,139,507,693,388,643,30,45,250,628,185,39,4,125,600,446,129,734,206,600,107,529,424,48,215,243,417,618,182,446,932,961,733,774,55,969,90,550,67,
818,172,844,197,765,532,415,440,942,352,862,95,881,276,87,675,957,566,194,652,162,103,610,928,205,953,701,595,244,75,123,757,601,377,136,319,0,928,665,951,823,869,678,814,164,193,479,280,364,290,271,651,777,999,846,437,968,145,779,81,205,622,212,17,802,857,458,970,867,945,337,501,164,801,348,993,573,714,800,813,987,379,3,61,614,315,885,227,442,28,905,859,106,635,823,523,296,476,235,122,
664,450,542,89,514,711,91,305,513,622,135,663,26,622,476,674,477,904,751,389,239,410,167,13,408,259,710,373,987,986,15,933,134,184,229,593,206,642,793,73,842,379,638,923,422,425,544,716,8,297,951,5,907,727,818,518,460,95,997,916,224,415,209,540,404,465,685,827,225,796,754,450,183,487,227,547,318,181,328,80,493,339,280,836,220,174,437,782,451,237,198,357,291,321,746,380,416,439,89,817,
376,236,843,715,351,901,324,702,279,157,219,707,316,931,759,822,755,721,429,676,57,726,958,104,869,618,607,34,780,703,337,341,80,41,978,85,89,838,530,739,225,964,150,696,199,432,812,255,386,588,88,381,676,270,810,392,317,254,453,239,921,213,388,593,625,537,181,639,9,169,856,920,536,306,687,77,609,354,722,338,56,848,890,112,829,299,190,971,710,812,324,691,594,304,399,38,701,247,960,149,
869,417,598,142,284,908,808,273,749,838,107,920,53,140,473,184,797,581,978,327,369,110,594,623,464,923,496,808,301,754,712,433,104,281,243,349,826,979,678,428,489,637,73,86,249,316,711,830,882,867,535,641,967,390,298,972,503,774,615,115,748,87,825,202,102,974,248,602,298,58,363,862,200,105,814,664,750,900,144,810,107,699,506,16,785,782,689,171,260,529,612,947,588,416,891,525,320,718,21,614,
780,144,279,781,319,115,591,460,546,288,838,827,668,636,413,939,138,157,108,852,779,297,200,355,335,95,628,601,0,937,559,420,398,401,713,141,45,296,447,989,653,78,344,11,370,441,697,735,249,396,670,530,987,474,173,941,252,799,87,732,812,834,90,911,72,685,409,520,735,609,108,247,238,245,639,978,926,404,738,496,222,304,282,805,618,653,378,585,487,755,277,961,511,757,623,477,551,357,216,60,
611,731,619,606,216,222,817,268,219,368,272,712,713,978,759,299,897,327,360,322,440,194,913,488,295,991,936,195,735,215,142,258,300,380,977,428,525,447,307,173,527,978,239,190,111,420,360,224,498,195,725,613,206,48,115,608,896,356,310,274,421,542,394,571,135,310,500,7,806,610,33,203,857,264,47,481,597,665,91,909,182,63,962,2,934,529,765,225,44,553,917,672,818,882,13,134,920,930,111,666,
858,462,762,748,610,752,636,588,497,519,887,778,694,304,789,445,639,165,69,701,343,598,648,963,216,934,755,895,617,401,668,521,6,737,302,435,901,347,138,623,307,513,627,50,576,129,376,95,4,2,791,728,189,655,308,494,780,61,391,221,712,584,267,636,977,194,344,829,2,665,0,993,196,133,724,796,476,965,880,548,669,886,489,334,432,885,124,513,667,150,657,603,807,706,635,916,839,531,535,188,
783,406,624,566,678,179,263,926,304,144,909,600,608,331,317,980,72,54,386,939,699,325,99,26,865,853,118,739,321,10,407,724,905,547,36,356,669,599,911,810,913,294,626,186,580,868,942,796,187,127,544,323,767,847,44,647,221,703,246,917,314,206,716,730,820,659,506,837,292,75,398,94,848,57,442,967,539,119,535,173,807,449,304,530,353,460,204,303,163,547,425,442,264,420,461,317,528,526,772,397,
51,529,647,719,382,513,65,218,226,70,189,666,260,596,267,323,472,633,944,454,39,798,734,259,956,776,380,655,422,346,810,10,256,205,863,987,215,677,386,932,853,640,531,431,841,306,708,181,572,8,584,172,134,951,22,693,513,424,213,625,124,437,198,840,903,414,874,988,916,558,476,281,282,369,205,386,775,655,514,228,293,800,183,562,509,28,392,224,560,108,681,548,642,82,686,999,78,34,772,157,
289,14,778,168,22,732,981,215,801,154,103,480,485,119,824,38,748,422,292,946,321,339,226,675,423,371,642,102,792,228,124,802,696,614,977,425,94,429,157,921,721,136,677,271,923,839,676,719,274,844,732,647,107,783,728,594,220,647,289,531,721,641,923,33,781,261,140,844,451,208,226,229,254,958,993,863,109,850,617,582,164,234,864,791,162,827,990,914,190,809,657,730,738,108,407,110,795,492,142,767,
755,819,633,173,229,439,645,704,388,633,574,70,141,76,459,680,161,107,732,549,109,30,956,910,165,385,804,692,385,524,358,931,996,30,736,553,373,612,529,448,670,30,207,348,567,942,250,312,388,574,979,494,841,483,381,479,999,290,463,46,340,387,630,585,155,704,137,59,521,886,183,924,484,427,757,303,608,936,860,940,647,908,49,850,482,248,72,71,948,623,597,343,862,187,31,612,990,37,290,636,
757,711,47,799,349,241,96,190,969,331,811,453,542,875,847,646,99,832,99,461,287,489,839,956,288,133,350,113,570,486,988,571,558,657,39,823,652,230,339,689,241,54,864,234,956,48,49,688,833,441,476,632,557,193,387,137,786,134,672,302,691,323,809,472,802,197,135,111,189,78,105,227,30,675,272,568,555,554,545,500,431,938,264,577,507,767,165,541,182,100,353,943,833,687,478,245,597,441,854,491,
243,308,177,785,681,481,884,763,163,400,842,558,778,997,83,838,855,906,665,46,763,857,534,770,941,894,416,444,353,821,723,386,224,305,325,729,621,322,566,807,942,231,757,336,656,822,588,377,608,741,932,992,388,634,365,882,695,208,672,463,850,178,587,772,640,366,946,183,916,142,340,108,995,568,473,479,47,466,721,127,70,256,360,29,850,439,161,656,925,625,913,449,846,658,473,227,847,413,325,950,
817,779,70,802,449,367,256,799,42,598,260,7,471,117,103,294,312,764,604,565,372,885,975,133,713,666,941,961,796,361,72,871,157,197,840,58,50,774,114,202,574,429,724,160,284,183,337,234,773,929,820,336,568,910,746,523,148,391,832,396,571,481,476,152,669,919,3,95,438,100,957,936,323,852,475,374,446,821,710,739,761,387,334,610,634,939,964,723,983,269,947,383,829,712,324,250,236,225,496,804,
923,649,726,326,592,438,665,487,374,833,113,236,915,541,23,201,771,991,226,308,20,933,889,871,410,698,898,354,256,154,512,589,114,807,630,641,796,841,375,380,32,470,205,257,757,987,280,251,91,895,110,652,704,940,616,330,39,859,957,39,372,413,141,405,391,829,969,485,800,712,606,280,587,717,539,902,441,384,61,150,132,647,573,693,999,215,368,698,902,119,414,894,893,60,902,467,20,811,417,438,
893,464,301,936,575,545,9,338,560,268,504,202,740,536,444,278,619,153,825,475,299,533,622,118,295,233,616,805,613,478,241,952,112,894,182,979,949,174,604,893,320,575,847,228,86,71,399,369,105,348,97,66,277,587,687,456,25,99,601,841,427,435,228,350,479,516,989,792,271,589,567,596,956,299,180,847,569,123,73,649,792,619,522,748,820,293,828,493,494,267,450,921,369,733,416,62,366,794,385,898,
813,386,875,806,560,233,821,290,121,165,106,19,144,326,204,141,336,869,740,475,300,199,729,349,63,909,359,605,708,567,682,569,887,513,763,951,232,420,580,953,182,266,962,883,561,531,109,551,746,204,38,683,312,44,694,657,138,948,436,713,436,239,522,783,194,328,390,42,630,404,249,137,41,867,225,442,478,337,809,913,125,658,281,320,886,643,379,311,211,920,878,458,744,541,511,940,964,594,931,614,
700,51,563,143,377,89,52,760,232,179,716,403,588,70,393,744,545,685,676,255,782,915,67,998,268,528,222,574,690,638,309,720,89,337,779,554,18,850,428,724,69,969,520,183,438,521,70,8,161,202,29,363,104,889,913,997,976,184,247,738,567,35,64,474,856,751,105,179,499,103,103,646,990,165,766,667,346,244,950,671,854,776,794,582,21,901,321,910,984,871,900,115,671,158,801,103,875,661,787,937,
58,553,510,602,113,694,195,953,150,357,618,55,644,646,103,10,754,56,788,121,97,500,972,356,759,763,469,198,334,702,558,668,711,581,602,715,297,200,274,54,196,845,887,634,610,141,940,772,909,199,396,889,313,478,859,746,186,173,742,200,51,159,986,853,681,121,880,129,767,10,605,881,220,324,769,687,425,79,94,710,576,519,872,80,600,796,43,485,977,764,181,964,382,69,935,148,315,319,263,745,
