1:2,5,16,19,
2:1,3,5,7,8,10,13,15,16,18,19,
3:2,5,8,9,10,12,16,18,
4:7,8,10,11,13,16,18,20,
5:1,2,3,8,9,10,11,12,14,17,18,19,
6:11,13,17,19,
7:2,4,8,9,10,12,14,16,17,20,
8:2,3,4,5,7,12,13,16,20,
9:3,5,7,10,12,14,15,17,18,19,
10:2,3,4,5,7,9,15,16,
11:4,5,6,14,16,20,
12:3,5,7,8,9,14,15,16,17,19,20,
13:2,4,6,8,18,19,
14:5,7,9,11,12,16,17,18,19,20,
15:2,9,10,12,17,18,19,20,
16:1,2,3,4,7,8,10,11,12,14,18,
17:5,6,7,9,12,14,15,20,
18:2,3,4,5,9,13,14,15,16,20,
19:1,2,5,6,9,12,13,14,15,20,
20:4,7,8,11,12,14,15,17,18,19,
