1:2,3,7,12,15,16,19,20,
2:1,4,6,7,9,10,12,13,15,16,17,18,20,
3:1,8,10,15,16,17,19,
4:2,9,16,19,
5:6,9,12,14,17,18,20,
6:2,5,7,9,10,12,13,14,18,20,
7:1,2,6,8,9,10,11,14,17,18,
8:3,7,10,11,14,15,16,17,18,19,20,
9:2,4,5,6,7,11,13,15,16,17,19,
10:2,3,6,7,8,11,14,15,17,18,19,20,
11:7,8,9,10,14,15,17,18,19,
12:1,2,5,6,13,20,
13:2,6,9,12,14,16,
14:5,6,7,8,10,11,13,15,17,18,20,
15:1,2,3,8,9,10,11,14,16,17,18,19,
16:1,2,3,4,8,9,13,15,18,
17:2,3,5,7,8,9,10,11,14,15,18,
18:2,5,6,7,8,10,11,14,15,16,17,20,
19:1,3,4,8,9,10,11,15,20,
20:1,2,5,6,8,10,12,14,18,19,
