1,10 : 15,19,2,20,3,7
1,11 : 15,19,7
1,12 : 2,20
1,13 : 12,16,2
1,14 : 15,20,7
1,15 : 16,19,2,3
1,16 : 15,2,3
1,17 : 15,2,3,7
1,18 : 15,16,2,20,7
1,19 : 15,20,3
1,2 : 12,15,16,20,7
1,20 : 12,19,2
1,3 : 15,16,19
1,4 : 16,19,2
1,5 : 12,20
1,6 : 12,2,20,7
1,7 : 2
1,8 : 15,16,19,20,3,7
1,9 : 15,16,19,2,7
10,11 : 14,15,17,18,19,7,8
10,12 : 2,20,6
10,13 : 14,2,6
10,14 : 11,15,17,18,20,6,7,8
10,15 : 11,14,17,18,19,2,3,8
10,16 : 15,18,2,3,8
10,17 : 11,14,15,18,2,3,7,8
10,18 : 11,14,15,17,2,20,6,7,8
10,19 : 11,15,20,3,8
10,2 : 15,17,18,20,6,7
10,20 : 14,18,19,2,6,8
10,3 : 15,17,19,8
10,4 : 19,2
10,5 : 14,17,18,20,6
10,6 : 14,18,2,20,7
10,7 : 11,14,17,18,2,6,8
10,8 : 11,14,15,17,18,19,20,3,7
10,9 : 11,15,17,19,2,6,7
11,13 : 14,9
11,14 : 10,15,17,18,7,8
11,15 : 10,14,17,18,19,8,9
11,16 : 15,18,8,9
11,17 : 10,14,15,18,7,8,9
11,18 : 10,14,15,17,7,8
11,19 : 10,15,8,9
11,2 : 10,15,17,18,7,9
11,20 : 10,14,18,19,8
11,3 : 10,15,17,19,8
11,4 : 19,9
11,5 : 14,17,18,9
11,6 : 10,14,18,7,9
11,7 : 10,14,17,18,8,9
11,8 : 10,14,15,17,18,19,7
11,9 : 15,17,19,7
12,13 : 2,6
12,14 : 13,20,5,6
12,15 : 1,2
12,16 : 1,13,2
12,17 : 2,5
12,18 : 2,20,5,6
12,19 : 1,20
12,2 : 1,13,20,6
12,20 : 1,2,5,6
12,3 : 1
12,4 : 2
12,5 : 20,6
12,6 : 13,2,20,5
12,7 : 1,2,6
12,8 : 20
12,9 : 13,2,5,6
13,14 : 6
13,15 : 14,16,2,9
13,16 : 2,9
13,17 : 14,2,9
13,18 : 14,16,2,6
13,19 : 9
13,2 : 12,16,6,9
13,20 : 12,14,2,6
13,3 : 16
13,4 : 16,2,9
13,5 : 12,14,6,9
13,6 : 12,14,2,9
13,7 : 14,2,6,9
13,8 : 14,16
13,9 : 16,2,6
14,15 : 10,11,17,18,8
14,16 : 13,15,18,8
14,17 : 10,11,15,18,5,7,8
14,18 : 10,11,15,17,20,5,6,7,8
14,19 : 10,11,15,20,8
14,2 : 10,13,15,17,18,20,6,7
14,20 : 10,18,5,6,8
14,3 : 10,15,17,8
14,5 : 17,18,20,6
14,6 : 10,13,18,20,5,7
14,7 : 10,11,17,18,6,8
14,8 : 10,11,15,17,18,20,7
14,9 : 11,13,15,17,5,6,7
15,16 : 1,18,2,3,8,9
15,17 : 10,11,14,18,2,3,8,9
15,18 : 10,11,14,16,17,2,8
15,19 : 1,10,11,3,8,9
15,2 : 1,10,16,17,18,9
15,20 : 1,10,14,18,19,2,8
15,3 : 1,10,16,17,19,8
15,4 : 16,19,2,9
15,5 : 14,17,18,9
15,6 : 10,14,18,2,9
15,7 : 1,10,11,14,17,18,2,8,9
15,8 : 10,11,14,16,17,18,19,3
15,9 : 11,16,17,19,2
16,17 : 15,18,2,3,8,9
16,18 : 15,2,8
16,19 : 1,15,3,4,8,9
16,2 : 1,13,15,18,4,9
16,20 : 1,18,2,8
16,3 : 1,15,8
16,4 : 2,9
16,5 : 18,9
16,6 : 13,18,2,9
16,7 : 1,18,2,8,9
16,8 : 15,18,3
16,9 : 13,15,2,4
17,18 : 10,11,14,15,2,5,7,8
17,19 : 10,11,15,3,8,9
17,2 : 10,15,18,7,9
17,20 : 10,14,18,2,5,8
17,3 : 10,15,8
17,4 : 2,9
17,5 : 14,18,9
17,6 : 10,14,18,2,5,7,9
17,7 : 10,11,14,18,2,8,9
17,8 : 10,11,14,15,18,3,7
17,9 : 11,15,2,5,7
18,19 : 10,11,15,20,8
18,2 : 10,15,16,17,20,6,7
18,20 : 10,14,2,5,6,8
18,3 : 10,15,16,17,8
18,4 : 16,2
18,5 : 14,17,20,6
18,6 : 10,14,2,20,5,7
18,7 : 10,11,14,17,2,6,8
18,8 : 10,11,14,15,16,17,20,7
18,9 : 11,15,16,17,2,5,6,7
19,2 : 1,10,15,20,4,9
19,20 : 1,10,8
19,3 : 1,10,15,8
19,4 : 9
19,5 : 20,9
19,6 : 10,20,9
19,7 : 1,10,11,8,9
19,8 : 10,11,15,20,3
19,9 : 11,15,4
2,20 : 1,10,12,18,6
2,3 : 1,10,15,16,17
2,4 : 16,9
2,5 : 12,17,18,20,6,9
2,6 : 10,12,13,18,20,7,9
2,7 : 1,10,17,18,6,9
2,8 : 10,15,16,17,18,20,7
2,9 : 13,15,16,17,4,6,7
20,3 : 1,10,19,8
20,4 : 19,2
20,5 : 12,14,18,6
20,6 : 10,12,14,18,2,5
20,7 : 1,10,14,18,2,6,8
20,8 : 10,14,18,19
20,9 : 19,2,5,6
3,4 : 16,19
3,5 : 17
3,6 : 10
3,7 : 1,10,17,8
3,8 : 10,15,16,17,19
3,9 : 15,16,17,19
4,5 : 9
4,6 : 2,9
4,7 : 2,9
4,8 : 16,19
4,9 : 16,19,2
5,6 : 12,14,18,20,9
5,7 : 14,17,18,6,9
5,8 : 14,17,18,20
5,9 : 17,6
6,7 : 10,14,18,2,9
6,8 : 10,14,18,20,7
6,9 : 13,2,5,7
7,8 : 10,11,14,17,18
7,9 : 11,17,2,6
8,9 : 11,15,16,17,19,7
