28,24 : 3054
30,24 : 3054
10,25 : 4167
14,25 : 4167
18,25 : 4167
20,25 : 4167
24,25 : 4167
28,25 : 4167
30,25 : 4167
1,26 : 4262
17,15 : 5430
23,15 : 5430
27,15 : 5430
13,16 : 5564
17,16 : 5564
23,16 : 5564
27,16 : 5564
13,17 : 3839
17,17 : 3839
23,17 : 3839
17,30 : 4762
23,30 : 4762
27,30 : 4762
21,14 : 4872
25,14 : 4872
29,14 : 4872
11,15 : 5430
15,15 : 5430
19,15 : 5430
21,15 : 5430
25,15 : 5430
29,15 : 5430
1,16 : 5564
4,17 : 3839
5,17 : 3839
6,17 : 3839
7,17 : 3839
8,17 : 3839
9,17 : 3839
10,17 : 3839
14,17 : 3839
18,17 : 3839
20,17 : 3839
1,1 : 87575
1,3 : 73565
1,5 : 182437
1,7 : 121378
1,9 : 39988
1,10 : 213549
2,1 : 63831
2,3 : 53597
2,5 : 131045
2,7 : 87394
11,11 : 5233
15,11 : 5233
19,11 : 5233
21,11 : 5233
25,11 : 5233
29,11 : 5233
1,12 : 6219
2,12 : 6219
3,12 : 6219
4,12 : 6219
23,7 : 4027
27,7 : 4027
14,8 : 6308
18,8 : 6308
20,8 : 6308
24,8 : 6308
28,8 : 6308
30,8 : 6308
11,9 : 4849
15,9 : 4849
13,18 : 4786
17,18 : 4786
23,18 : 4786
27,18 : 4786
13,19 : 6351
17,19 : 6351
23,19 : 6351
27,19 : 6351
10,20 : 5370
14,20 : 5370
18,26 : 4262
20,26 : 4262
24,26 : 4262
28,26 : 4262
30,26 : 4262
10,27 : 5986
14,27 : 5986
18,27 : 5986
20,27 : 5986
24,27 : 5986
22,16 : 5564
26,16 : 5564
12,17 : 3839
16,17 : 3839
22,17 : 3839
26,17 : 3839
12,18 : 4786
16,18 : 4786
22,18 : 4786
26,18 : 4786
23,24 : 3054
27,24 : 3054
13,25 : 4167
17,25 : 4167
23,25 : 4167
27,25 : 4167
13,26 : 4262
17,26 : 4262
23,26 : 4262
27,26 : 4262
13,4 : 4070
17,4 : 4070
23,4 : 4070
27,4 : 4070
14,5 : 4974
18,5 : 4974
20,5 : 4974
24,5 : 4974
28,5 : 4974
30,5 : 4974
25,3 : 4613
29,3 : 4613
12,4 : 4070
16,4 : 4070
22,4 : 4070
26,4 : 4070
13,5 : 4974
17,5 : 4974
23,5 : 4974
27,5 : 4974
10,1 : 155468
10,5 : 329386
10,9 : 69085
10,10 : 385752
14,1 : 5584
18,1 : 5584
20,1 : 5584
24,1 : 5584
28,1 : 5584
30,1 : 5584
5,30 : 4762
6,30 : 4762
7,30 : 4762
8,30 : 4762
9,30 : 4762
11,30 : 4762
15,30 : 4762
19,30 : 4762
21,30 : 4762
25,30 : 4762
5,12 : 6219
6,12 : 6219
7,12 : 6219
8,12 : 6219
9,12 : 6219
11,12 : 6219
15,12 : 6219
19,12 : 6219
21,12 : 6219
25,12 : 6219
24,17 : 3839
28,17 : 3839
30,17 : 3839
10,18 : 4786
14,18 : 4786
18,18 : 4786
20,18 : 4786
24,18 : 4786
28,18 : 4786
30,18 : 4786
18,20 : 5370
20,20 : 5370
24,20 : 5370
28,20 : 5370
30,20 : 5370
10,21 : 4983
14,21 : 4983
18,21 : 4983
20,21 : 4983
24,21 : 4983
27,21 : 4983
13,22 : 5743
17,22 : 5743
23,22 : 5743
27,22 : 5743
1,23 : 2627
2,23 : 2627
3,23 : 2627
4,23 : 2627
5,23 : 2627
14,2 : 4377
18,2 : 4377
20,2 : 4377
24,2 : 4377
28,2 : 4377
30,2 : 4377
11,3 : 4613
15,3 : 4613
19,3 : 4613
21,3 : 4613
16,22 : 5743
22,22 : 5743
26,22 : 5743
12,23 : 2627
16,23 : 2627
22,23 : 2627
26,23 : 2627
1,24 : 3054
2,24 : 3054
3,24 : 3054
24,11 : 5233
28,11 : 5233
30,11 : 5233
10,12 : 6219
14,12 : 6219
18,12 : 6219
20,12 : 6219
24,12 : 6219
28,12 : 6219
30,12 : 6219
13,10 : 5588
17,10 : 5588
23,10 : 5588
27,10 : 5588
13,11 : 5233
17,11 : 5233
23,11 : 5233
27,11 : 5233
13,12 : 6219
17,12 : 6219
9,5 : 722053
9,7 : 478210
9,9 : 146836
9,10 : 845901
10,2 : 227385
10,6 : 275064
13,1 : 5584
17,1 : 5584
23,1 : 5584
27,1 : 5584
22,27 : 5986
26,27 : 5986
1,28 : 5601
2,28 : 5601
3,28 : 5601
4,28 : 5601
5,28 : 5601
6,28 : 5601
7,28 : 5601
8,28 : 5601
19,16 : 5564
21,16 : 5564
25,16 : 5564
29,16 : 5564
11,17 : 3839
15,17 : 3839
19,17 : 3839
21,17 : 3839
25,17 : 3839
29,17 : 3839
1,11 : 5233
2,11 : 5233
3,11 : 5233
4,11 : 5233
5,11 : 5233
6,11 : 5233
7,11 : 5233
8,11 : 5233
9,11 : 5233
12,11 : 5233
11,2 : 4377
15,2 : 4377
19,2 : 4377
21,2 : 4377
25,2 : 4377
29,2 : 4377
12,3 : 4613
16,3 : 4613
22,3 : 4613
26,3 : 4613
28,27 : 5986
30,27 : 5986
10,28 : 5601
14,28 : 5601
18,28 : 5601
20,28 : 5601
24,28 : 5601
28,28 : 5601
30,28 : 5601
10,29 : 4405
16,11 : 5233
22,11 : 5233
26,11 : 5233
12,12 : 6219
16,12 : 6219
22,12 : 6219
26,12 : 6219
12,13 : 6398
16,13 : 6398
22,13 : 6398
29,25 : 4167
11,26 : 4262
15,26 : 4262
19,26 : 4262
21,26 : 4262
25,26 : 4262
29,26 : 4262
11,27 : 5986
15,27 : 5986
19,27 : 5986
25,8 : 6308
29,8 : 6308
12,9 : 4849
16,9 : 4849
22,9 : 4849
26,9 : 4849
12,10 : 5588
16,10 : 5588
22,10 : 5588
26,10 : 5588
28,21 : 4983
30,21 : 4983
1,22 : 5743
2,22 : 5743
3,22 : 5743
4,22 : 5743
5,22 : 5743
6,22 : 5743
7,22 : 5743
8,22 : 5743
7,9 : 108835
7,10 : 621002
8,1 : 246734
8,3 : 207413
8,5 : 526924
8,7 : 349177
8,9 : 108199
8,10 : 617238
9,1 : 336887
9,3 : 283229
25,19 : 6351
29,19 : 6351
1,20 : 5370
2,20 : 5370
3,20 : 5370
4,20 : 5370
5,20 : 5370
6,20 : 5370
7,20 : 5370
8,20 : 5370
11,18 : 4786
15,18 : 4786
19,18 : 4786
21,18 : 4786
25,18 : 4786
29,18 : 4786
11,19 : 6351
15,19 : 6351
19,19 : 6351
21,19 : 6351
19,5 : 4974
21,5 : 4974
25,5 : 4974
29,5 : 4974
12,6 : 5596
16,6 : 5596
22,6 : 5596
26,6 : 5596
13,7 : 4027
17,7 : 4027
23,12 : 6219
27,12 : 6219
13,13 : 6398
17,13 : 6398
23,13 : 6398
27,13 : 6398
1,14 : 4872
2,14 : 4872
3,14 : 4872
4,14 : 4872
19,29 : 4405
21,29 : 4405
25,29 : 4405
29,29 : 4405
12,30 : 4762
16,30 : 4762
22,30 : 4762
26,30 : 4762
27,17 : 3839
1,18 : 4786
2,18 : 4786
3,18 : 4786
4,18 : 4786
5,18 : 4786
6,18 : 4786
7,18 : 4786
8,18 : 4786
9,18 : 4786
14,13 : 6398
18,13 : 6398
20,13 : 6398
24,13 : 6398
28,13 : 6398
30,13 : 6398
10,14 : 4872
14,14 : 4872
18,14 : 4872
20,14 : 4872
3,6 : 603228
3,8 : 592292
4,2 : 305769
4,4 : 460526
4,6 : 369778
4,8 : 363392
5,2 : 49089
5,4 : 71786
5,6 : 59623
5,8 : 59282
23,3 : 4613
27,3 : 4613
14,4 : 4070
18,4 : 4070
20,4 : 4070
24,4 : 4070
28,4 : 4070
30,4 : 4070
11,5 : 4974
15,5 : 4974
2,29 : 4405
3,29 : 4405
4,29 : 4405
5,29 : 4405
6,29 : 4405
7,29 : 4405
8,29 : 4405
9,29 : 4405
11,29 : 4405
15,29 : 4405
14,7 : 4027
18,7 : 4027
20,7 : 4027
24,7 : 4027
28,7 : 4027
30,7 : 4027
11,8 : 6308
15,8 : 6308
19,8 : 6308
21,8 : 6308
9,20 : 5370
12,20 : 5370
16,20 : 5370
22,20 : 5370
26,20 : 5370
12,21 : 4983
16,21 : 4983
22,21 : 4983
26,21 : 4983
12,22 : 5743
10,16 : 5564
14,16 : 5564
18,16 : 5564
20,16 : 5564
24,16 : 5564
28,16 : 5564
30,16 : 5564
1,17 : 3839
2,17 : 3839
3,17 : 3839
5,14 : 4872
6,14 : 4872
7,14 : 4872
8,14 : 4872
9,14 : 4872
13,14 : 4872
17,14 : 4872
23,14 : 4872
27,14 : 4872
13,15 : 5430
1,19 : 6351
2,19 : 6351
3,19 : 6351
4,19 : 6351
5,19 : 6351
6,19 : 6351
7,19 : 6351
8,19 : 6351
9,19 : 6351
12,19 : 6351
17,27 : 5986
23,27 : 5986
27,27 : 5986
13,28 : 5601
17,28 : 5601
23,28 : 5601
27,28 : 5601
13,29 : 4405
17,29 : 4405
23,29 : 4405
1,13 : 6398
2,13 : 6398
3,13 : 6398
4,13 : 6398
5,13 : 6398
6,13 : 6398
7,13 : 6398
8,13 : 6398
9,13 : 6398
10,13 : 6398
29,30 : 4762
2,9 : 29812
2,10 : 153325
3,1 : 338000
3,3 : 284165
3,5 : 724462
3,7 : 479803
3,9 : 147313
3,10 : 848724
4,1 : 208150
4,3 : 174965
10,3 : 130661
10,7 : 218551
12,1 : 5584
16,1 : 5584
22,1 : 5584
26,1 : 5584
13,2 : 4377
17,2 : 4377
23,2 : 4377
27,2 : 4377
9,28 : 5601
12,28 : 5601
16,28 : 5601
22,28 : 5601
26,28 : 5601
12,29 : 4405
16,29 : 4405
22,29 : 4405
26,29 : 4405
13,30 : 4762
18,23 : 2627
20,23 : 2627
24,23 : 2627
28,23 : 2627
30,23 : 2627
10,24 : 3054
14,24 : 3054
18,24 : 3054
20,24 : 3054
24,24 : 3054
9,22 : 5743
10,22 : 5743
14,22 : 5743
18,22 : 5743
20,22 : 5743
24,22 : 5743
28,22 : 5743
30,22 : 5743
10,23 : 2627
14,23 : 2627
16,19 : 6351
22,19 : 6351
26,19 : 6351
13,20 : 5370
17,20 : 5370
23,20 : 5370
27,20 : 5370
13,21 : 4983
17,21 : 4983
23,21 : 4983
29,12 : 6219
11,13 : 6398
15,13 : 6398
19,13 : 6398
21,13 : 6398
25,13 : 6398
29,13 : 6398
11,14 : 4872
15,14 : 4872
19,14 : 4872
8,6 : 439146
8,8 : 431408
9,2 : 497313
9,4 : 750618
9,6 : 601227
9,8 : 590330
10,4 : 341814
10,8 : 270524
11,1 : 5584
15,1 : 5584
21,27 : 5986
25,27 : 5986
29,27 : 5986
11,28 : 5601
15,28 : 5601
19,28 : 5601
21,28 : 5601
25,28 : 5601
29,28 : 5601
1,29 : 4405
24,14 : 4872
28,14 : 4872
30,14 : 4872
10,15 : 5430
14,15 : 5430
18,15 : 5430
20,15 : 5430
24,15 : 5430
28,15 : 5430
30,15 : 5430
19,9 : 4849
21,9 : 4849
25,9 : 4849
29,9 : 4849
11,10 : 5588
15,10 : 5588
19,10 : 5588
21,10 : 5588
25,10 : 5588
29,10 : 5588
11,24 : 3054
15,24 : 3054
19,24 : 3054
21,24 : 3054
25,24 : 3054
29,24 : 3054
1,25 : 4167
2,25 : 4167
3,25 : 4167
4,25 : 4167
6,2 : 400161
6,4 : 603482
6,6 : 483835
6,8 : 475226
7,2 : 365385
7,4 : 550814
7,6 : 441814
7,8 : 434024
8,2 : 363177
8,4 : 547470
13,8 : 6308
17,8 : 6308
23,8 : 6308
27,8 : 6308
14,9 : 4849
18,9 : 4849
20,9 : 4849
24,9 : 4849
28,9 : 4849
30,9 : 4849
26,13 : 6398
12,14 : 4872
16,14 : 4872
22,14 : 4872
26,14 : 4872
1,15 : 5430
2,15 : 5430
3,15 : 5430
4,15 : 5430
5,15 : 5430
19,1 : 5584
21,1 : 5584
25,1 : 5584
29,1 : 5584
12,2 : 4377
16,2 : 4377
22,2 : 4377
26,2 : 4377
13,3 : 4613
17,3 : 4613
19,22 : 5743
21,22 : 5743
25,22 : 5743
29,22 : 5743
11,23 : 2627
15,23 : 2627
19,23 : 2627
21,23 : 2627
25,23 : 2627
29,23 : 2627
25,7 : 4027
29,7 : 4027
12,8 : 6308
16,8 : 6308
22,8 : 6308
26,8 : 6308
13,9 : 4849
17,9 : 4849
23,9 : 4849
27,9 : 4849
5,25 : 4167
6,25 : 4167
7,25 : 4167
8,25 : 4167
9,25 : 4167
11,25 : 4167
15,25 : 4167
19,25 : 4167
21,25 : 4167
25,25 : 4167
25,4 : 4070
29,4 : 4070
12,5 : 4974
16,5 : 4974
22,5 : 4974
26,5 : 4974
13,6 : 5596
17,6 : 5596
23,6 : 5596
27,6 : 5596
14,6 : 5596
18,6 : 5596
20,6 : 5596
24,6 : 5596
28,6 : 5596
30,6 : 5596
11,7 : 4027
15,7 : 4027
19,7 : 4027
21,7 : 4027
6,23 : 2627
7,23 : 2627
8,23 : 2627
9,23 : 2627
13,23 : 2627
17,23 : 2627
23,23 : 2627
27,23 : 2627
13,24 : 3054
17,24 : 3054
4,24 : 3054
5,24 : 3054
6,24 : 3054
7,24 : 3054
8,24 : 3054
9,24 : 3054
12,24 : 3054
16,24 : 3054
22,24 : 3054
26,24 : 3054
6,1 : 271591
6,3 : 228317
6,5 : 580725
6,7 : 384754
6,9 : 118852
6,10 : 680285
7,1 : 248218
7,3 : 208661
7,5 : 530136
7,7 : 351301
14,3 : 4613
18,3 : 4613
20,3 : 4613
24,3 : 4613
28,3 : 4613
30,3 : 4613
11,4 : 4070
15,4 : 4070
19,4 : 4070
21,4 : 4070
2,16 : 5564
3,16 : 5564
4,16 : 5564
5,16 : 5564
6,16 : 5564
7,16 : 5564
8,16 : 5564
9,16 : 5564
11,16 : 5564
15,16 : 5564
14,29 : 4405
18,29 : 4405
20,29 : 4405
24,29 : 4405
28,29 : 4405
30,29 : 4405
1,30 : 4762
2,30 : 4762
3,30 : 4762
4,30 : 4762
1,27 : 5986
2,27 : 5986
3,27 : 5986
4,27 : 5986
5,27 : 5986
6,27 : 5986
7,27 : 5986
8,27 : 5986
9,27 : 5986
13,27 : 5986
21,20 : 5370
25,20 : 5370
29,20 : 5370
1,21 : 4983
2,21 : 4983
3,21 : 4983
4,21 : 4983
5,21 : 4983
6,21 : 4983
7,21 : 4983
6,15 : 5430
7,15 : 5430
8,15 : 5430
9,15 : 5430
12,15 : 5430
16,15 : 5430
22,15 : 5430
26,15 : 5430
12,16 : 5564
16,16 : 5564
11,6 : 5596
15,6 : 5596
19,6 : 5596
21,6 : 5596
25,6 : 5596
29,6 : 5596
12,7 : 4027
16,7 : 4027
22,7 : 4027
26,7 : 4027
27,29 : 4405
10,30 : 4762
14,30 : 4762
18,30 : 4762
20,30 : 4762
24,30 : 4762
28,30 : 4762
30,30 : 4762
4,5 : 443412
4,7 : 293953
4,9 : 91663
4,10 : 519374
5,1 : 35635
5,3 : 29885
5,5 : 70017
5,7 : 47038
5,9 : 17728
5,10 : 81809
8,21 : 4983
9,21 : 4983
11,21 : 4983
15,21 : 4983
19,21 : 4983
21,21 : 4983
25,21 : 4983
29,21 : 4983
11,22 : 5743
15,22 : 5743
1,2 : 126369
1,4 : 188826
1,6 : 153003
1,8 : 150842
2,2 : 91041
2,4 : 135322
2,6 : 110315
2,8 : 108986
3,2 : 498969
3,4 : 753126
14,10 : 5588
18,10 : 5588
20,10 : 5588
24,10 : 5588
28,10 : 5588
30,10 : 5588
10,11 : 5233
14,11 : 5233
18,11 : 5233
20,11 : 5233
10,19 : 6351
14,19 : 6351
18,19 : 6351
20,19 : 6351
24,19 : 6351
28,19 : 6351
30,19 : 6351
11,20 : 5370
15,20 : 5370
19,20 : 5370
2,26 : 4262
3,26 : 4262
4,26 : 4262
5,26 : 4262
6,26 : 4262
7,26 : 4262
8,26 : 4262
9,26 : 4262
10,26 : 4262
14,26 : 4262
12,25 : 4167
16,25 : 4167
22,25 : 4167
26,25 : 4167
12,26 : 4262
16,26 : 4262
22,26 : 4262
26,26 : 4262
12,27 : 5986
16,27 : 5986
